,videoId,item_type,authorDisplayName,textDisplay,textOriginal,authorChannelUrl,likeCount,category,isBad
0,0fqrz3ddW2U,0,또바라기,이찬원 시원시원한 폭풍 가창력 역시 울가수  사랑합니다,이찬원 시원시원한 폭풍 가창력 역시 울가수  사랑합니다,http://www.youtube.com/channel/UC2VzYkumUAVEWFQzYWmShaw,533,music,0
1,0fqrz3ddW2U,1,찬바라기,이찬원 목소리에 또 풍덩 헤어나올 수 없어요 어 구수한데 시원한 가창력 넘 좋아요  이찬원 장르를 사랑합니다,이찬원 목소리에 또 풍덩 헤어나올 수 없어요 어 구수한데 시원한 가창력 넘 좋아요  이찬원 장르를 사랑합니다,http://www.youtube.com/channel/UC1gPXimtRZrHRCTr1ZnNyow,46,music,0
2,0fqrz3ddW2U,1,ᆞ ᆞ흰별,이찬원 <br />오늘또 울가수 덕분에 행복했어요 사랑합니다 <br />끝없이 복 많이 받으세요 최고의 목소리 <br />영원히 응원합니다 👍👍👍💝💝💝,"이찬원 
오늘또 울가수 덕분에 행복했어요 사랑합니다 
끝없이 복 많이 받으세요 최고의 목소리 
영원히 응원합니다 👍👍👍💝💝💝",http://www.youtube.com/channel/UCnBNeFCPDpYiLgnoYuIF94A,50,music,0
3,0fqrz3ddW2U,1,김은경,"<a href=""http://www.youtube.com/results?search_query=%23%EC%9D%B4%EC%B0%AC%EC%9B%90"">#이찬원</a><a href=""http://www.youtube.com/results?search_query=%23%EC%82%AC%EB%9E%91%EC%9D%98%EC%BD%9C%EC%84%BC%ED%83%80"">#사랑의콜센타</a><a href=""http://www.youtube.com/results?search_query=%23%EB%8F%8C%ED%8C%94%EB%A7%A4"">#돌팔매</a> 역시 믿고 듣는 찬원님의 명품 목소리 최고 입니다",#이찬원#사랑의콜센타#돌팔매 역시 믿고 듣는 찬원님의 명품 목소리 최고 입니다,http://www.youtube.com/channel/UC23sERR5nZqVs2DgmHkSDeg,59,music,0
4,0fqrz3ddW2U,0,표평열,이찬원 사랑의콜센터 돌팔매 역시 트롯은 이찬원입니다 최고입니다 이찬원 응원합니다,이찬원 사랑의콜센터 돌팔매 역시 트롯은 이찬원입니다 최고입니다 이찬원 응원합니다,http://www.youtube.com/channel/UCHXOo9rR-EccOA0x6RwyMag,346,music,0
5,0fqrz3ddW2U,1,조근영,"<a href=""http://www.youtube.com/results?search_query=%23%EC%9D%B4%EC%B0%AC%EC%9B%90"">#이찬원</a><br />사랑의콜쎈타  돌팔매 트롯왕자<br />이찬원 최고  ! 화이팅  !","#이찬원
사랑의콜쎈타  돌팔매 트롯왕자
이찬원 최고  ! 화이팅  !",http://www.youtube.com/channel/UCRqRs0ten_bixeW14Ornrew,9,music,0
6,0fqrz3ddW2U,1,민선영,"<a href=""http://www.youtube.com/results?search_query=%23%EC%9D%B4%EC%B0%AC%EC%9B%90"">#이찬원</a> <a href=""http://www.youtube.com/results?search_query=%23%EC%82%AC%EB%9E%91%EC%9D%98%EC%BD%9C%EC%84%BC%ED%83%80"">#사랑의콜센타</a> <a href=""http://www.youtube.com/results?search_query=%23%EB%8F%8C%ED%8C%94%EB%A7%A4"">#돌팔매</a> 상큼한외모 폭풍성량 시원시원한 가창력 최고의 무대였어요",#이찬원 #사랑의콜센타 #돌팔매 상큼한외모 폭풍성량 시원시원한 가창력 최고의 무대였어요,http://www.youtube.com/channel/UCUoxJ0ArMLJloGvs0Rsjatw,13,music,0
7,0fqrz3ddW2U,0,임형옥,울트롯왕자님최고최고입니다건강조심하세요,울트롯왕자님최고최고입니다건강조심하세요,http://www.youtube.com/channel/UCwE3BbowhvSPJKFai6SHfDA,244,music,0
8,0fqrz3ddW2U,0,성봉연,"<a href=""http://www.youtube.com/results?search_query=%23%EC%9D%B4%EC%B0%AC%EC%9B%90"">#이찬원</a> 사랑의  콜센타<br /><a href=""http://www.youtube.com/results?search_query=%23%EB%8F%8C%ED%8C%94%EB%A7%A4"">#돌팔매</a>  트롯은 찬원님이다 시원하게 잘 부르시네요 찬원님 응원합니다  힘내세요 👍","#이찬원 사랑의  콜센타
#돌팔매  트롯은 찬원님이다 시원하게 잘 부르시네요 찬원님 응원합니다  힘내세요 👍",http://www.youtube.com/channel/UCoeDiBIwpAATVnhhaQ1dcJg,235,music,0
9,0fqrz3ddW2U,0,장성희,이찬원 사랑의콜센타 돌팔매<br />역시 트롯은 이찬원입니다 최고입니다 이찬원 사랑합니다,"이찬원 사랑의콜센타 돌팔매
역시 트롯은 이찬원입니다 최고입니다 이찬원 사랑합니다",http://www.youtube.com/channel/UCuqMVcZ4X50pTAKTOVLZI6g,272,music,0
10,0fqrz3ddW2U,1,금오산,"역시<br /><a href=""http://www.youtube.com/results?search_query=%23%EC%9D%B4%EC%B0%AC%EC%9B%90"">#이찬원</a>~님<br />최고  입니다","역시
#이찬원~님
최고  입니다",http://www.youtube.com/channel/UCJIVXNLumJ9bS5Ef4ZVnmfA,5,music,0
11,0fqrz3ddW2U,0,윤가민,찬원님 정통트롯 1인자 가왕입니다 넘잘불렀어요 대단해요 빛이난요 사랑합니다 응원합니다 💕💕💕💕💕💕💕💕💕💕💕,찬원님 정통트롯 1인자 가왕입니다 넘잘불렀어요 대단해요 빛이난요 사랑합니다 응원합니다 💕💕💕💕💕💕💕💕💕💕💕,http://www.youtube.com/channel/UC7TeW0Zw1GeowH1NX1R5BSg,420,music,0
12,0fqrz3ddW2U,1,봉국녀,"<a href=""http://www.youtube.com/results?search_query=%23%EC%9D%B4%EC%B0%AC%EC%9B%90"">#이찬원</a> <a href=""http://www.youtube.com/results?search_query=%23%EB%8F%8C%ED%8C%94%EB%A7%A4"">#돌팔매</a>  <a href=""http://www.youtube.com/results?search_query=%23%EC%9D%B4%EC%B0%AC%EC%9B%90%EC%9C%A0%ED%8A%9C%EB%B8%8C"">#이찬원유튜브</a><br />언제나상큼함과 최고의유쾌함  멋진정통트릇트  맛깔나고 구수하게잘합니다","#이찬원 #돌팔매  #이찬원유튜브
언제나상큼함과 최고의유쾌함  멋진정통트릇트  맛깔나고 구수하게잘합니다",http://www.youtube.com/channel/UCOWVC3vTf7uUlCqCkEBXyhw,0,music,0
13,0fqrz3ddW2U,1,김윤자,"<a href=""http://www.youtube.com/results?search_query=%23%EC%9D%B4%EC%B0%AC%EC%9B%90"">#이찬원</a> 감동입니다 ~ 넘넘 잘 불러서 가슴이 벅차오릅니다~ 영원히 응원하고 사랑합니다~ 함게해요❤",#이찬원 감동입니다 ~ 넘넘 잘 불러서 가슴이 벅차오릅니다~ 영원히 응원하고 사랑합니다~ 함게해요❤,http://www.youtube.com/channel/UCZVY0mGOu8vnrmqFwguAsdg,41,music,0
14,0fqrz3ddW2U,1,울타리,"동감입니다  <a href=""http://www.youtube.com/results?search_query=%23%EC%9D%B4%EC%B0%AC%EC%9B%90"">#이찬원</a> 꿀보이스 달달합니다 쵝오입니다 ~",동감입니다  #이찬원 꿀보이스 달달합니다 쵝오입니다 ~,http://www.youtube.com/channel/UCr535xQxudZCfwuL0U4DgLw,40,music,0
15,0fqrz3ddW2U,1,박미화,"<a href=""http://www.youtube.com/results?search_query=%23%EC%9D%B4%EC%B0%AC%EC%9B%90"">#이찬원</a> <a href=""http://www.youtube.com/results?search_query=%23%EB%8F%8C%ED%8C%94%EB%A7%A4"">#돌팔매</a> 트롯을 정말 맛깔나게 잘부르는 꽃미남 언제나 응원하고 사랑합니다",#이찬원 #돌팔매 트롯을 정말 맛깔나게 잘부르는 꽃미남 언제나 응원하고 사랑합니다,http://www.youtube.com/channel/UCrgewpQ2esn8BDajbH8gOPQ,56,music,0
16,0fqrz3ddW2U,0,표평열,이찬원 사랑의콜센터 돌팔매<br />역시 트롯은 이찬원입니다 최고입니다 이찬원 응원합니다,"이찬원 사랑의콜센터 돌팔매
역시 트롯은 이찬원입니다 최고입니다 이찬원 응원합니다",http://www.youtube.com/channel/UCURQ55AthtqBmAFzr1B5VGQ,255,music,0
17,0fqrz3ddW2U,1,봉국녀,"<a href=""http://www.youtube.com/results?search_query=%23%EC%9D%B4%EC%B0%AC%EC%9B%90"">#이찬원</a> <a href=""http://www.youtube.com/results?search_query=%23%EC%82%AC%EB%9E%91%EC%9D%98%EC%BD%9C%EC%84%BC%ED%83%80"">#사랑의콜센타</a> <a href=""http://www.youtube.com/results?search_query=%23%EB%8F%8C%ED%8C%94%EB%A7%A4"">#돌팔매</a><br />역시 정통트릇트의대가 찬또최고입니다","#이찬원 #사랑의콜센타 #돌팔매
역시 정통트릇트의대가 찬또최고입니다",http://www.youtube.com/channel/UCOWVC3vTf7uUlCqCkEBXyhw,2,music,0
18,0fqrz3ddW2U,0,조추옥,노래에   최  강자  찬또가수님 <br />꺽기  쵝오   가창력도   쵝오<br />예쁜   이찬원가수님    승승장구  하시고   꽃길만   걸어가세요   👍👍👍⭐⭐⭐,"노래에   최  강자  찬또가수님 
꺽기  쵝오   가창력도   쵝오
예쁜   이찬원가수님    승승장구  하시고   꽃길만   걸어가세요   👍👍👍⭐⭐⭐",http://www.youtube.com/channel/UCiXStYHj3qTZ6dl9OHf4C3w,264,music,0
19,0fqrz3ddW2U,0,이연숙,"<a href=""http://www.youtube.com/results?search_query=%23%EC%9D%B4%EC%B0%AC%EC%9B%90"">#이찬원</a> 님 <br />사랑의콜센타 <br /><a href=""http://www.youtube.com/results?search_query=%23%EB%8F%8C%ED%8C%94%EB%A7%A4"">#돌팔매</a>🎶 시원시원한 폭풍성량<br />최고가창력 트롯천재  명품가수<br /><a href=""http://www.youtube.com/results?search_query=%23%EC%9D%B4%EC%B0%AC%EC%9B%90"">#이찬원</a> 님 최고중의 최고입니다 <br />사랑합니다 응원합니다","#이찬원 님 
사랑의콜센타 
#돌팔매🎶 시원시원한 폭풍성량
최고가창력 트롯천재  명품가수
#이찬원 님 최고중의 최고입니다 
사랑합니다 응원합니다",http://www.youtube.com/channel/UCgNQaA-TGnAMamL8y1H8iTQ,275,music,0
20,0fqrz3ddW2U,1,봉국녀,"<a href=""http://www.youtube.com/results?search_query=%23%EC%9D%B4%EC%B0%AC%EC%9B%90"">#이찬원</a> <a href=""http://www.youtube.com/results?search_query=%23%EB%8F%8C%ED%8C%94%EB%A7%A4"">#돌팔매</a> <a href=""http://www.youtube.com/results?search_query=%23%EC%9D%B4%EC%B0%AC%EC%9B%90%EC%9C%A0%ED%8A%9C%EB%B8%8C"">#이찬원유튜브</a><br />트릇트새로운  왕자님 언제나꽃길만가세요","#이찬원 #돌팔매 #이찬원유튜브
트릇트새로운  왕자님 언제나꽃길만가세요",http://www.youtube.com/channel/UCOWVC3vTf7uUlCqCkEBXyhw,2,music,0
21,0fqrz3ddW2U,1,민선영,"<a href=""http://www.youtube.com/results?search_query=%23%EC%9D%B4%EC%B0%AC%EC%9B%90"">#이찬원</a> <a href=""http://www.youtube.com/results?search_query=%23%EC%82%AC%EB%9E%91%EC%9D%98%EC%BD%9C%EC%84%BC%ED%83%80"">#사랑의콜센타</a> <a href=""http://www.youtube.com/results?search_query=%23%EB%8F%8C%ED%8C%94%EB%A7%A4"">#돌팔매</a> 트롯의거성 빛나는황제 최곱니다",#이찬원 #사랑의콜센타 #돌팔매 트롯의거성 빛나는황제 최곱니다,http://www.youtube.com/channel/UCUoxJ0ArMLJloGvs0Rsjatw,8,music,0
22,0fqrz3ddW2U,0,윤예주,"<a href=""http://www.youtube.com/results?search_query=%23%EC%9D%B4%EC%B0%AC%EC%9B%90"">#이찬원</a> <a href=""http://www.youtube.com/results?search_query=%23%EC%82%AC%EB%9E%91%EC%9D%98%EC%BD%9C%EC%84%BC%ED%83%80"">#사랑의콜센타</a> <a href=""http://www.youtube.com/results?search_query=%23%EB%8F%8C%ED%8C%94%EB%A7%A4"">#돌팔매</a>  역시 트롯천재  국보급가수  울가수님 최고중 최고예요   승승장구 하시길 항상 응원합니다",#이찬원 #사랑의콜센타 #돌팔매  역시 트롯천재  국보급가수  울가수님 최고중 최고예요   승승장구 하시길 항상 응원합니다,http://www.youtube.com/channel/UC5yTQfo67aK4inF3roo07Ew,289,music,0
23,0fqrz3ddW2U,0,Chirs Jung,"💛 <a href=""http://www.youtube.com/results?search_query=%23%EC%9D%B4%EC%B0%AC%EC%9B%90"">#이찬원</a> 💛 <br />💛 <a href=""http://www.youtube.com/results?search_query=%23%EC%9D%B4%EC%B0%AC%EC%9B%90%EC%9C%A0%ED%8A%9C%EB%B8%8C"">#이찬원유튜브</a> 💛 <br />💛💛<br />역시 찬원님의 스타일의 노래가 최고입니다.👍👍👍💛💛💛<br />찬원님의 노래같네요👍👍👍💛💛💛<br />트롯황제 이찬원님 절대음감과 절대음색의 천재트롯돌 천재 연예인 찬원님을 사랑합니다 열열히 응원합니다","💛 #이찬원 💛 
💛 #이찬원유튜브 💛 
💛💛
역시 찬원님의 스타일의 노래가 최고입니다.👍👍👍💛💛💛
찬원님의 노래같네요👍👍👍💛💛💛
트롯황제 이찬원님 절대음감과 절대음색의 천재트롯돌 천재 연예인 찬원님을 사랑합니다 열열히 응원합니다",http://www.youtube.com/channel/UCe5HrJuskmyugKvYYG-yt3A,426,music,0
24,0fqrz3ddW2U,1,홍경,"<a href=""http://www.youtube.com/results?search_query=%23%EC%9D%B4%EC%B0%AC%EC%9B%90"">#이찬원</a> 사랑의 콜센터 돌팔매 최고중에 최고입니다 이찬원님 화이팅 사랑합니다",#이찬원 사랑의 콜센터 돌팔매 최고중에 최고입니다 이찬원님 화이팅 사랑합니다,http://www.youtube.com/channel/UCbIkYGgpyTVRUJKMQkcuA6w,23,music,0
25,0fqrz3ddW2U,1,봉국녀,"@금원산 ~점수는  괜찮아요<br />우리마음속에는 💯점 입니다노래점수는<br />시시때때로 변하잟아요찬스님오늘도<br />건강합시다<a href=""http://www.youtube.com/results?search_query=%23%EC%9D%B4%EC%B0%AC%EC%9B%90%EB%8F%8C%ED%8C%94%EB%A7%A4%EC%9C%A0%ED%8A%9C%EB%B8%8C"">#이찬원돌팔매유튜브</a>~화이팅","@금원산 ~점수는  괜찮아요
우리마음속에는 💯점 입니다노래점수는
시시때때로 변하잟아요찬스님오늘도
건강합시다#이찬원돌팔매유튜브~화이팅",http://www.youtube.com/channel/UCOWVC3vTf7uUlCqCkEBXyhw,25,music,0
26,0fqrz3ddW2U,1,금원산,너무 잘 불렸는데 노래방 마스터가 점수를 적게줘서  마스터 미워 속상 했습니다,너무 잘 불렸는데 노래방 마스터가 점수를 적게줘서  마스터 미워 속상 했습니다,http://www.youtube.com/channel/UCCcbvt9l_HYMvvVU4DZJwNQ,27,music,0
27,0fqrz3ddW2U,1,박정자,"<a href=""http://www.youtube.com/results?search_query=%23%EC%9D%B4%EC%B0%AC%EC%9B%90"">#이찬원</a>  화이팅 사랑합니다 넘멋져요",#이찬원  화이팅 사랑합니다 넘멋져요,http://www.youtube.com/channel/UCv0dqnYtI_0MSHrZpBmMStQ,46,music,0
28,0fqrz3ddW2U,1,Chirs Jung,울찬원님 열열히 사랑합니다,울찬원님 열열히 사랑합니다,http://www.youtube.com/channel/UCe5HrJuskmyugKvYYG-yt3A,51,music,0
29,0fqrz3ddW2U,0,이은경,"<a href=""http://www.youtube.com/results?search_query=%23%EC%9D%B4%EC%B0%AC%EC%9B%90"">#이찬원</a> <a href=""http://www.youtube.com/results?search_query=%23%EC%82%AC%EB%9E%91%EC%9D%98%EC%BD%9C%EC%84%BC%ED%83%80"">#사랑의콜센타</a> <a href=""http://www.youtube.com/results?search_query=%23%EB%8F%8C%ED%8C%94%EB%A7%A4"">#돌팔매</a><br />시원하고 구수한 트롯에 속이 뻥 뚫리네요.<br />역시 트롯은 국보급 트롯가수 이찬원 님이 최고입니다","#이찬원 #사랑의콜센타 #돌팔매
시원하고 구수한 트롯에 속이 뻥 뚫리네요.
역시 트롯은 국보급 트롯가수 이찬원 님이 최고입니다",http://www.youtube.com/channel/UCsiFLX2ezXLadd-FGjFWY7g,156,music,0
30,0fqrz3ddW2U,0,김현숙,이찬원 사랑의콜센타 돌팔매 정통트롯대가 승승장구하세요 누구야   첫소절에   시원하게 우렁차게 무대를 순식간에 장악하네요 최고 트롯의맛을 제대로듣네요,이찬원 사랑의콜센타 돌팔매 정통트롯대가 승승장구하세요 누구야   첫소절에   시원하게 우렁차게 무대를 순식간에 장악하네요 최고 트롯의맛을 제대로듣네요,http://www.youtube.com/channel/UC9AQpW8x45BRCw6cWPdfqNQ,152,music,0
31,0fqrz3ddW2U,0,류영임,"<a href=""http://www.youtube.com/results?search_query=%23%EC%9D%B4%EC%B0%AC%EC%9B%90"">#이찬원</a>  <a href=""http://www.youtube.com/results?search_query=%23%EB%8F%8C%ED%8C%94%EB%A7%A4"">#돌팔매</a> 대선배하춘화님 응원해주시고 시원시원하게 최고최고  입니다♡♡♡♡♡",#이찬원  #돌팔매 대선배하춘화님 응원해주시고 시원시원하게 최고최고  입니다♡♡♡♡♡,http://www.youtube.com/channel/UC7r7_4mwiTnSHKCEBTSfZ9w,96,music,0
32,0fqrz3ddW2U,0,Jeongsuk Park,"<a href=""http://www.youtube.com/results?search_query=%23%EC%9D%B4%EC%B0%AC%EC%9B%90"">#이찬원</a> <a href=""http://www.youtube.com/results?search_query=%23%EC%82%AC%EB%9E%91%EC%9D%98%EC%BD%9C%EC%84%BC%ED%83%80"">#사랑의콜센타</a> <a href=""http://www.youtube.com/results?search_query=%23%EC%9D%B4%EC%B0%AC%EC%9B%90%EB%8F%8C%ED%8C%94%EB%A7%A4"">#이찬원돌팔매</a> <br />이찬원 최고입니다 <br />이찬원님 구수한 가창력으로 황금목소리로 흥이나게 넘 잘 불러서 행복합니다 <br />정통트롯천재 행복한가수 찬또배기 이찬원님 꽃길로만 걸으세요 응원합니다","#이찬원 #사랑의콜센타 #이찬원돌팔매 
이찬원 최고입니다 
이찬원님 구수한 가창력으로 황금목소리로 흥이나게 넘 잘 불러서 행복합니다 
정통트롯천재 행복한가수 찬또배기 이찬원님 꽃길로만 걸으세요 응원합니다",http://www.youtube.com/channel/UCokvqDFA0spr5Bq54Jn0hnw,179,music,0
33,0fqrz3ddW2U,1,봉국녀,"<a href=""http://www.youtube.com/results?search_query=%23%EC%9D%B4%EC%B0%AC%EC%9B%90"">#이찬원</a> <a href=""http://www.youtube.com/results?search_query=%23%EB%8F%8C%ED%8C%94%EB%A7%A4"">#돌팔매</a>  <a href=""http://www.youtube.com/results?search_query=%23%EC%9D%B4%EC%B0%AC%EC%9B%90%EC%9C%A0%ED%8A%9C%EB%B8%8C"">#이찬원유튜브</a><br />정통트릇트 아주맛깔나고 구수한창법<br />정말대단한가수 찬원이 언제나응원해요","#이찬원 #돌팔매  #이찬원유튜브
정통트릇트 아주맛깔나고 구수한창법
정말대단한가수 찬원이 언제나응원해요",http://www.youtube.com/channel/UCOWVC3vTf7uUlCqCkEBXyhw,1,music,0
34,0fqrz3ddW2U,0,박연화,이찬원 너무멋져 돌팔매 역시최고 너무 맛갈나게 빛나는 가창력에 넘치는 활발한 이찬원 트롯왕자님 영원하라 건강꼭챊기고 사랑합니다 꽃길만 쭉쭉 갑시다 💝💝💝💝💝⚘⚘,이찬원 너무멋져 돌팔매 역시최고 너무 맛갈나게 빛나는 가창력에 넘치는 활발한 이찬원 트롯왕자님 영원하라 건강꼭챊기고 사랑합니다 꽃길만 쭉쭉 갑시다 💝💝💝💝💝⚘⚘,http://www.youtube.com/channel/UC0VmIEYZ350-We3OKolQIbA,316,music,0
35,0fqrz3ddW2U,1,봉국녀,"<a href=""http://www.youtube.com/results?search_query=%23%EC%9D%B4%EC%B0%AC%EC%9B%90"">#이찬원</a> <a href=""http://www.youtube.com/results?search_query=%23%EB%8F%8C%ED%8C%94%EB%A7%A4"">#돌팔매</a>  <a href=""http://www.youtube.com/results?search_query=%23%EC%9D%B4%EC%B0%AC%EC%9B%90%EC%9C%A0%ED%8A%9C%EB%B8%8C"">#이찬원유튜브</a><br />오늘도열심히음악의길 꽃길만들어갑니다","#이찬원 #돌팔매  #이찬원유튜브
오늘도열심히음악의길 꽃길만들어갑니다",http://www.youtube.com/channel/UCOWVC3vTf7uUlCqCkEBXyhw,1,music,0
36,0fqrz3ddW2U,1,이순정,"<a href=""http://www.youtube.com/results?search_query=%23%EC%9D%B4%EC%B0%AC%EC%9B%90"">#이찬원</a>~님<a href=""http://www.youtube.com/results?search_query=%23%EC%82%AC%EB%9E%91%EC%9D%98%EC%BD%9C%EC%84%BC%ED%83%80"">#사랑의콜센타</a><br /><a href=""http://www.youtube.com/results?search_query=%23%EB%8F%8C%ED%8C%94%EB%A7%A4"">#돌팔매</a> 트롯의 거성<br />황금보컬 트롯 명품보이스<br />진정한 아티스트 풍부한<br />가창력 대단합니다<br />트롯 꺽기장인 예술이네요<br />돌팔매 최고에요👍👍👍<br />훈남비주얼 순수청년<br />언제나 화이팅♥️♥️♥️♥️♥️💕","#이찬원~님#사랑의콜센타
#돌팔매 트롯의 거성
황금보컬 트롯 명품보이스
진정한 아티스트 풍부한
가창력 대단합니다
트롯 꺽기장인 예술이네요
돌팔매 최고에요👍👍👍
훈남비주얼 순수청년
언제나 화이팅♥️♥️♥️♥️♥️💕",http://www.youtube.com/channel/UCkz9T0v1R22lT073ecHuVvQ,11,music,0
37,0fqrz3ddW2U,1,Syeon Ju,"<a href=""http://www.youtube.com/results?search_query=%23%EC%9D%B4%EC%B0%AC%EC%9B%90_%EC%A6%90%EA%B2%81%EA%B3%A0_%ED%96%89%EB%B3%B5%ED%95%98%EC%84%B8%EC%9A%94_%EC%82%AC%EB%9E%91%ED%95%B4%EC%9A%94"">#이찬원_즐겁고_행복하세요_사랑해요</a>",#이찬원_즐겁고_행복하세요_사랑해요,http://www.youtube.com/channel/UCZveoFa77Bp-gprL7-xEDQA,20,music,0
38,0fqrz3ddW2U,1,박미화,"<a href=""http://www.youtube.com/results?search_query=%23%EC%9D%B4%EC%B0%AC%EC%9B%90"">#이찬원</a> <a href=""http://www.youtube.com/results?search_query=%23%EB%8F%8C%ED%8C%94%EB%A7%A4%EA%BD%83%EC%86%8C%EB%85%84%EA%B0%99%EC%9D%80"">#돌팔매꽃소년같은</a> 울가수 노래도청국장같이 감칠맛나게 참잘불러요 인성지성 다재다능한끼돌이 많이좋아합니다",#이찬원 #돌팔매꽃소년같은 울가수 노래도청국장같이 감칠맛나게 참잘불러요 인성지성 다재다능한끼돌이 많이좋아합니다,http://www.youtube.com/channel/UCrgewpQ2esn8BDajbH8gOPQ,23,music,0
39,0fqrz3ddW2U,0,jbh,"<a href=""http://www.youtube.com/results?search_query=%23%EC%9D%B4%EC%B0%AC%EC%9B%90"">#이찬원</a><a href=""http://www.youtube.com/results?search_query=%23%EC%82%AC%EB%9E%91%EC%9D%98%EC%BD%9C%EC%84%BC%ED%83%80"">#사랑의콜센타</a><br /> 돌팔매  정통의 진가를 발휘 하였네요  굵직한  목소리 언제나 시원시원 합니다  트롯천재  앞날이 구만리 승승장구하세요","#이찬원#사랑의콜센타
 돌팔매  정통의 진가를 발휘 하였네요  굵직한  목소리 언제나 시원시원 합니다  트롯천재  앞날이 구만리 승승장구하세요",http://www.youtube.com/channel/UCE5PxIZ57GVfErJ7ngTbpNA,68,music,0
40,0fqrz3ddW2U,0,todam 90,트롯 신동 찬원님!<br />역시 명곡 제조기 다운 국보급 명품 목소리 가슴이 뻥 뚫려 오네요.<br />노래도 최고 사랑스런 모습도 최고 찬원님 최고입니다.<br />찬원님 사랑합니다.<br />그리고 끝까지 응원합니다.,"트롯 신동 찬원님!
역시 명곡 제조기 다운 국보급 명품 목소리 가슴이 뻥 뚫려 오네요.
노래도 최고 사랑스런 모습도 최고 찬원님 최고입니다.
찬원님 사랑합니다.
그리고 끝까지 응원합니다.",http://www.youtube.com/channel/UCwCUpzvYvRs7npUDkHpPtbA,115,music,0
41,0fqrz3ddW2U,0,김진수,"<a href=""http://www.youtube.com/results?search_query=%23%EC%9D%B4%EC%B0%AC%EC%9B%90"">#이찬원</a>.     <a href=""http://www.youtube.com/results?search_query=%23%EB%8F%8C%ED%8C%94%EB%A7%A4"">#돌팔매</a>.  <br />구수한.목소리듣고.있으면<br />나도모르는사이힐링이돼요<br />우리찬원님요즈음.좀야윈것같아요<br />건강잘챙기시고..좋은노래많이많이불러주세요..열심히응원하고.사랑합니다..❤❤❤","#이찬원.     #돌팔매.  
구수한.목소리듣고.있으면
나도모르는사이힐링이돼요
우리찬원님요즈음.좀야윈것같아요
건강잘챙기시고..좋은노래많이많이불러주세요..열심히응원하고.사랑합니다..❤❤❤",http://www.youtube.com/channel/UCZdHajkORSEess34UpZ3HZg,164,music,0
42,0fqrz3ddW2U,0,mi J,"<a href=""http://www.youtube.com/results?search_query=%23%EC%9D%B4%EC%B0%AC%EC%9B%90"">#이찬원</a>  <a href=""http://www.youtube.com/results?search_query=%23leechanwon"">#LeeChanWon</a><br /><a href=""http://www.youtube.com/results?search_query=%23%EC%9D%B4%EC%B0%AC%EC%9B%90%EC%82%AC%EB%9E%91%EC%9D%98%EC%BD%9C%EC%84%BC%ED%83%80"">#이찬원사랑의콜센타</a><br />한곡도 빠짐없이 명곡을 명품으로 만든는 <a href=""http://www.youtube.com/results?search_query=%23%EC%9D%B4%EC%B0%AC%EC%9B%90"">#이찬원</a> 정통트롯의 대가 천재 뮤지션  최고중의최고 언제나 응원하고 사랑합니다💛💛💛💛💛👍👍👍👍👍","#이찬원  #LeeChanWon
#이찬원사랑의콜센타
한곡도 빠짐없이 명곡을 명품으로 만든는 #이찬원 정통트롯의 대가 천재 뮤지션  최고중의최고 언제나 응원하고 사랑합니다💛💛💛💛💛👍👍👍👍👍",http://www.youtube.com/channel/UC01QIZoxhS-dWKGeK8naUCA,546,music,0
43,0fqrz3ddW2U,1,정찬또힐링,"네 맞아요<br /><a href=""http://www.youtube.com/results?search_query=%23%EC%9D%B4%EC%B0%AC%EC%9B%90"">#이찬원</a><br /><a href=""http://www.youtube.com/results?search_query=%23%EC%82%AC%EB%9E%91%EC%9D%98%EC%BD%9C%EC%84%BC%ED%83%80"">#사랑의콜센타</a><br /><a href=""http://www.youtube.com/results?search_query=%23%EB%8F%8C%ED%8C%94%EB%A9%94"">#돌팔메</a> 로 또한곡의<br />명품을 만들었네요<br />항상 응원합니다 사랑합니다💛💛💛💛💛","네 맞아요
#이찬원
#사랑의콜센타
#돌팔메 로 또한곡의
명품을 만들었네요
항상 응원합니다 사랑합니다💛💛💛💛💛",http://www.youtube.com/channel/UCnQ7SOpwZgk0niXj88F0keA,20,music,0
44,0fqrz3ddW2U,1,이꽃향기,"<a href=""http://www.youtube.com/results?search_query=%23%EC%9D%B4%EC%B0%AC%EC%9B%90"">#이찬원</a> <a href=""http://www.youtube.com/results?search_query=%23leechanwon"">#LeeChanWon</a>  <a href=""http://www.youtube.com/results?search_query=%23%EB%8F%8C%ED%8C%94%EB%A7%A4"">#돌팔매</a> 일케 시원 구수하게  잘하는데 점수가 뭐 일 마스터님 미워~잉",#이찬원 #LeeChanWon  #돌팔매 일케 시원 구수하게  잘하는데 점수가 뭐 일 마스터님 미워~잉,http://www.youtube.com/channel/UCW4StDHDmoe3l8_T0vAD-QA,21,music,0
45,0fqrz3ddW2U,1,ᆞ ᆞ흰별,이찬원 사랑의 콜센타 국보급 트롯천재 시원하게 넘 잘하십니다 <br />울찬원님 영원히 빛나길 응원합니다,"이찬원 사랑의 콜센타 국보급 트롯천재 시원하게 넘 잘하십니다 
울찬원님 영원히 빛나길 응원합니다",http://www.youtube.com/channel/UCnBNeFCPDpYiLgnoYuIF94A,30,music,0
46,0fqrz3ddW2U,1,봉국녀,"<a href=""http://www.youtube.com/results?search_query=%23%EC%9D%B4%EC%B0%AC%EC%9B%90"">#이찬원</a> ~시원시원한  파워넘치게<br />잘합니다 1·~절에서 키가좀 낳았어요<br />그래서 점수조금나왔네요그래도우리마음속에는💯","#이찬원 ~시원시원한  파워넘치게
잘합니다 1·~절에서 키가좀 낳았어요
그래서 점수조금나왔네요그래도우리마음속에는💯",http://www.youtube.com/channel/UCOWVC3vTf7uUlCqCkEBXyhw,31,music,0
47,0fqrz3ddW2U,1,박미화,"<a href=""http://www.youtube.com/results?search_query=%23%EC%9D%B4%EC%B0%AC%EC%9B%90"">#이찬원</a><a href=""http://www.youtube.com/results?search_query=%23%EB%8F%8C%ED%8C%94%EB%A7%A4%EC%97%AD%EC%8B%9C"">#돌팔매역시</a> 시원한가창력이돋보이네요  늘사랑합니다",#이찬원#돌팔매역시 시원한가창력이돋보이네요  늘사랑합니다,http://www.youtube.com/channel/UCrgewpQ2esn8BDajbH8gOPQ,58,music,0
48,0fqrz3ddW2U,0,이승정,"<a href=""http://www.youtube.com/results?search_query=%23%EC%9D%B4%EC%B0%AC%EC%9B%90%EC%82%AC%EB%9E%91%EC%9D%98%EC%BD%9C%EC%84%A0%ED%83%80"">#이찬원사랑의콜선타</a>.<br /><a href=""http://www.youtube.com/results?search_query=%23%EC%9D%B4%EC%B0%AC%EC%9B%90%EB%8F%8C%ED%8C%94%EB%A7%A4%EA%B0%80%EC%B0%BD%EB%A0%A5%EC%B5%9C%EA%B3%A0"">#이찬원돌팔매가창력최고</a><br />명품보이스대단한내가수<br />없어서는안될<br />공기와몰같을존재빛과같은고귀한존재우리의보물.이찬원<br />트롯의정석.이시대신의선물<br />찬원님.노래들의면갖은근심걱정사라지고행복하게살고있는찬스입니다.늘응원합니다","#이찬원사랑의콜선타.
#이찬원돌팔매가창력최고
명품보이스대단한내가수
없어서는안될
공기와몰같을존재빛과같은고귀한존재우리의보물.이찬원
트롯의정석.이시대신의선물
찬원님.노래들의면갖은근심걱정사라지고행복하게살고있는찬스입니다.늘응원합니다",http://www.youtube.com/channel/UCilZ07traJ1mbcfm8SltC5w,109,music,0
49,0fqrz3ddW2U,0,DOLEE CHO,이찬원  사랑의콜센타  돌팔매  마성의 청국장보이스  정통트롯의  끝판왕    깊은 울림으로 감동도 한가득 채웁니다  열응으로 보답할게요 이찬원  포에버,이찬원  사랑의콜센타  돌팔매  마성의 청국장보이스  정통트롯의  끝판왕    깊은 울림으로 감동도 한가득 채웁니다  열응으로 보답할게요 이찬원  포에버,http://www.youtube.com/channel/UCCeFV25tV3XRZ4Fswzed1HQ,117,music,0
50,0fqrz3ddW2U,0,김현숙,이찬원 사랑의콜센타 돌팔매 최고 가창력최고 오늘도 좋은 하루 되세요  타고난명품보이스 정통트롯대가 승승장구하세요,이찬원 사랑의콜센타 돌팔매 최고 가창력최고 오늘도 좋은 하루 되세요  타고난명품보이스 정통트롯대가 승승장구하세요,http://www.youtube.com/channel/UC9AQpW8x45BRCw6cWPdfqNQ,66,music,0
51,0fqrz3ddW2U,0,몽블랑,"<a href=""http://www.youtube.com/results?search_query=%23%EC%9D%B4%EC%B0%AC%EC%9B%90"">#이찬원</a> <a href=""http://www.youtube.com/results?search_query=%23%EC%82%AC%EB%9E%91%EC%9D%98%EC%BD%9C%EC%84%BC%ED%83%80%EC%9D%B4%EC%B0%AC%EC%9B%90"">#사랑의콜센타이찬원</a> <br />정통트롯의 참맛을 보여주는 울가수 <br /> 트롯에 진심인 울가수 응원합니다","#이찬원 #사랑의콜센타이찬원 
정통트롯의 참맛을 보여주는 울가수 
 트롯에 진심인 울가수 응원합니다",http://www.youtube.com/channel/UCgS3PWEuiW3GrO_Gls4vY4w,70,music,0
52,0fqrz3ddW2U,0,투울립,이찬원 돌팔매 가창력최고인 찬원님  최고입니다 . 최고 중의 최고 입니다. 사랑 합니다. 귀요미,이찬원 돌팔매 가창력최고인 찬원님  최고입니다 . 최고 중의 최고 입니다. 사랑 합니다. 귀요미,http://www.youtube.com/channel/UCG-wwucJjfL9lrVsvucmGbg,511,music,0
53,0fqrz3ddW2U,1,정점임,"<a href=""http://www.youtube.com/results?search_query=%23%EC%9D%B4%EC%B0%AC%EC%9B%90"">#이찬원</a> ~<a href=""http://www.youtube.com/results?search_query=%23%EB%8F%8C%ED%8C%94%EB%A7%89"">#돌팔막</a>  너무 잘부르네요 푹풍 목소리들어도또 듣고싶은울찬원님감동받고 행복주고흐흐👍",#이찬원 ~#돌팔막  너무 잘부르네요 푹풍 목소리들어도또 듣고싶은울찬원님감동받고 행복주고흐흐👍,http://www.youtube.com/channel/UC8di_o6hvj0epqeH4dS5Wmw,6,music,0
54,0fqrz3ddW2U,1,m star돈대박,"<a href=""http://www.youtube.com/results?search_query=%23%EC%9D%B4%EC%B0%AC%EC%9B%90"">#이찬원</a> 트롯최강입니다<br />트롯노래매력최고에요<br />🍓💕🍓💕🍓💕","#이찬원 트롯최강입니다
트롯노래매력최고에요
🍓💕🍓💕🍓💕",http://www.youtube.com/channel/UCODuA44Qs3xJREzUZUo8_8Q,33,music,0
55,0fqrz3ddW2U,1,봉국녀,"<a href=""http://www.youtube.com/results?search_query=%23%EC%9D%B4%EC%B0%AC%EC%9B%90"">#이찬원</a> <a href=""http://www.youtube.com/results?search_query=%23%EB%8F%8C%ED%8C%94%EB%A7%A4"">#돌팔매</a> <a href=""http://www.youtube.com/results?search_query=%23%EC%9D%B4%EC%B0%AC%EC%9B%90%EC%9C%A0%ED%8A%9C%EB%B8%8C"">#이찬원유튜브</a><br />죄고의정통가수님최고로빛나는가수입니다","#이찬원 #돌팔매 #이찬원유튜브
죄고의정통가수님최고로빛나는가수입니다",http://www.youtube.com/channel/UCOWVC3vTf7uUlCqCkEBXyhw,32,music,0
56,0fqrz3ddW2U,0,또또찬스,"<a href=""http://www.youtube.com/results?search_query=%23%EC%9D%B4%EC%B0%AC%EC%9B%90"">#이찬원</a> <a href=""http://www.youtube.com/results?search_query=%23%EC%82%AC%EB%9E%91%EC%9D%98%EC%BD%9C%EC%84%BC%ED%83%80"">#사랑의콜센타</a> # 돌팔매<br />이찬원의 명품보이스는 감동 자체입니다 트롯계아이돌 이찬원 가창력 최고의 가수입니다 <br />이찬원 사랑하고 응원합니다","#이찬원 #사랑의콜센타 # 돌팔매
이찬원의 명품보이스는 감동 자체입니다 트롯계아이돌 이찬원 가창력 최고의 가수입니다 
이찬원 사랑하고 응원합니다",http://www.youtube.com/channel/UCma5fNRxUY2AznHyUqhookQ,101,music,0
57,0fqrz3ddW2U,0,이순정,"<a href=""http://www.youtube.com/results?search_query=%23%EC%9D%B4%EC%B0%AC%EC%9B%90"">#이찬원</a>~님<a href=""http://www.youtube.com/results?search_query=%23%EC%82%AC%EB%9E%91%EC%9D%98%EC%BD%9C%EC%84%BC%ED%83%80"">#사랑의콜센타</a><br /><a href=""http://www.youtube.com/results?search_query=%23%EB%8F%8C%ED%8C%94%EB%A7%A4"">#돌팔매</a>  트롯거성<br />풍부한 폭풍성량<a href=""http://www.youtube.com/results?search_query=%23%EC%9D%B4%EC%B0%AC%EC%9B%90"">#이찬원</a><br />호소력 짚은 보이스 넘사벽<br /><a href=""http://www.youtube.com/results?search_query=%23%EC%9D%B4%EC%B0%AC%EC%9B%90"">#이찬원</a> 무조건 불렀다 하면 명곡 만들어버리네요<br />최고👍멋진청년 묵직한 황금보컬 소유자 명품보이<br />빛나는 청년 훈남비주얼 화이팅 응원합니다💗💗💗💗💕💕","#이찬원~님#사랑의콜센타
#돌팔매  트롯거성
풍부한 폭풍성량#이찬원
호소력 짚은 보이스 넘사벽
#이찬원 무조건 불렀다 하면 명곡 만들어버리네요
최고👍멋진청년 묵직한 황금보컬 소유자 명품보이
빛나는 청년 훈남비주얼 화이팅 응원합니다💗💗💗💗💕💕",http://www.youtube.com/channel/UCkz9T0v1R22lT073ecHuVvQ,141,music,0
58,0fqrz3ddW2U,1,봉국녀,"<a href=""http://www.youtube.com/results?search_query=%23%EC%9D%B4%EC%B0%AC%EC%9B%90"">#이찬원</a> <a href=""http://www.youtube.com/results?search_query=%23%EB%8F%8C%ED%8C%94%EB%A7%A4"">#돌팔매</a> <a href=""http://www.youtube.com/results?search_query=%23%EC%9D%B4%EC%B0%AC%EC%9B%90%EC%9C%A0%ED%8A%9C%EB%B8%8C"">#이찬원유튜브</a><br />너무나도 정통트릇트를 잘부르는<br />최고의울가수님 어찌저리도 잘도하는지요 최곱니다 최고중에죄고랍니다","#이찬원 #돌팔매 #이찬원유튜브
너무나도 정통트릇트를 잘부르는
최고의울가수님 어찌저리도 잘도하는지요 최곱니다 최고중에죄고랍니다",http://www.youtube.com/channel/UCOWVC3vTf7uUlCqCkEBXyhw,0,music,0
59,0fqrz3ddW2U,0,김현숙,이찬원 사랑의콜센타 돌팔매 타고난명품보이스 우렁차게 시원하게 구수한보이스 정통트롯대가 꽃길만걸으세요,이찬원 사랑의콜센타 돌팔매 타고난명품보이스 우렁차게 시원하게 구수한보이스 정통트롯대가 꽃길만걸으세요,http://www.youtube.com/channel/UC9AQpW8x45BRCw6cWPdfqNQ,54,music,0
60,0fqrz3ddW2U,0,m o wang,"이찬원<br /><a href=""http://www.youtube.com/results?search_query=%23%EC%9D%B4%EC%B0%AC%EC%9B%90%EC%82%AC%EB%9E%91%EC%9D%98%EC%BD%9C%EC%84%BC%ED%83%80"">#이찬원사랑의콜센타</a><br /><a href=""http://www.youtube.com/results?search_query=%23%EC%9D%B4%EC%B0%AC%EC%9B%90%EB%8F%8C%ED%8C%94%EB%A7%A4"">#이찬원돌팔매</a><br /><a href=""http://www.youtube.com/results?search_query=%23%EC%9D%B4%EC%B0%AC%EC%9B%90%EB%AF%B8%EC%8A%A4%ED%84%B0%ED%8A%B8%EB%A1%AF"">#이찬원미스터트롯</a><br />이찬원 누구야 한소절로 무대를 찢어놨네요<br />화이트찬또 미소천사<br />이찬원 정통트롯은<br />단언컨대 최고입니다<br />이찬원응원하고 사랑합니다","이찬원
#이찬원사랑의콜센타
#이찬원돌팔매
#이찬원미스터트롯
이찬원 누구야 한소절로 무대를 찢어놨네요
화이트찬또 미소천사
이찬원 정통트롯은
단언컨대 최고입니다
이찬원응원하고 사랑합니다",http://www.youtube.com/channel/UC6R1mmCFgwpTlBMBKVEvnHw,85,music,0
61,0fqrz3ddW2U,1,이미화,응원 합니다,응원 합니다,http://www.youtube.com/channel/UCBTkipEZfwcTr-iQsaYQwNg,4,music,0
62,0fqrz3ddW2U,1,김영우,"<a href=""http://www.youtube.com/results?search_query=%23%EC%9D%B4%EC%B0%AC%EC%9B%90"">#이찬원</a> 최고의가수<br />응원합니다","#이찬원 최고의가수
응원합니다",http://www.youtube.com/channel/UCnfg9IdMu6QwnJo_zwBEqvw,13,music,0
63,0fqrz3ddW2U,0,김도민태찬,"<a href=""http://www.youtube.com/results?search_query=%23%EC%9D%B4%EC%B0%AC%EC%9B%90"">#이찬원</a> <a href=""http://www.youtube.com/results?search_query=%23%EC%82%AC%EB%9E%91%EC%9D%98%EC%BD%9C%EC%84%BC%ED%83%80"">#사랑의콜센타</a> <a href=""http://www.youtube.com/results?search_query=%23%EB%8F%8C%ED%8C%94%EB%A7%A4"">#돌팔매</a> 대한민국트롯의 현재이자 미래 울가수이찬원 완전시원시원 너무너무 잘해요",#이찬원 #사랑의콜센타 #돌팔매 대한민국트롯의 현재이자 미래 울가수이찬원 완전시원시원 너무너무 잘해요,http://www.youtube.com/channel/UCyVLwwRzkQAcYohvkuY8ncg,542,music,0
64,0fqrz3ddW2U,1,ᆞᆞ,"<a href=""http://www.youtube.com/results?search_query=%23%EC%9D%B4%EC%B0%AC%EC%9B%90"">#이찬원</a><br />황금목소리 주인공.바로<br />울찬원님.넘노래도잘하고.매너도좋고.인물도좋고.행복하고.사랑스러워.<br />영원히.응원합니다.👍💯","#이찬원
황금목소리 주인공.바로
울찬원님.넘노래도잘하고.매너도좋고.인물도좋고.행복하고.사랑스러워.
영원히.응원합니다.👍💯",http://www.youtube.com/channel/UCzU71Dx9FvVz5SabEmWLeLw,25,music,0
65,0fqrz3ddW2U,1,봉국녀,"<a href=""http://www.youtube.com/results?search_query=%23%EC%9D%B4%EC%B0%AC%EC%9B%90"">#이찬원</a> <a href=""http://www.youtube.com/results?search_query=%23%EB%8F%8C%ED%8C%94%EB%A7%A4"">#돌팔매</a> <a href=""http://www.youtube.com/results?search_query=%23%EC%9D%B4%EC%B0%AC%EC%9B%90%EC%9C%A0%ED%8A%9C%EB%B8%8C"">#이찬원유튜브</a><br />오늘도울국민가수님유튜브꽃길만들어갑시다","#이찬원 #돌팔매 #이찬원유튜브
오늘도울국민가수님유튜브꽃길만들어갑시다",http://www.youtube.com/channel/UCOWVC3vTf7uUlCqCkEBXyhw,32,music,0
66,0fqrz3ddW2U,1,박정자,"<a href=""http://www.youtube.com/results?search_query=%23%EC%9D%B4%EC%B0%AC%EC%9B%90"">#이찬원</a> 화이팅 최고최고 입니다 항상응원합니다",#이찬원 화이팅 최고최고 입니다 항상응원합니다,http://www.youtube.com/channel/UCv0dqnYtI_0MSHrZpBmMStQ,47,music,0
67,0fqrz3ddW2U,1,유명애,"<a href=""http://www.youtube.com/results?search_query=%23%EC%9D%B4%EC%B0%AC%EC%9B%90"">#이찬원</a>  언제나 빛나는 외모에 가창력  최곱니다 <a href=""http://www.youtube.com/results?search_query=%23%EC%9D%B4%EC%B0%AC%EC%9B%90"">#이찬원</a>  응원해요",#이찬원  언제나 빛나는 외모에 가창력  최곱니다 #이찬원  응원해요,http://www.youtube.com/channel/UCnfBEGxsqORNoRGbIJQYxow,59,music,0
68,0fqrz3ddW2U,1,찬스윗또,"울 찬원씨, 딱 떨어지는 딕션으로 신나게 잘 불렀어요. 가사를 아주 귀에 때박네ㅎㅎ<br />이찬원 오늘도 행복하게! 화이팅❤❤❤","울 찬원씨, 딱 떨어지는 딕션으로 신나게 잘 불렀어요. 가사를 아주 귀에 때박네ㅎㅎ
이찬원 오늘도 행복하게! 화이팅❤❤❤",http://www.youtube.com/channel/UCdhtyVDbaE7RpYQLmCA82rg,69,music,0
69,0fqrz3ddW2U,0,띵또,"<a href=""http://www.youtube.com/results?search_query=%23%EC%9D%B4%EC%B0%AC%EC%9B%90"">#이찬원</a><a href=""http://www.youtube.com/results?search_query=%23%EC%82%AC%EB%9E%91%EC%9D%98%EC%BD%9C%EC%84%BC%ED%83%80"">#사랑의콜센타</a><a href=""http://www.youtube.com/results?search_query=%23%EB%8F%8C%ED%8C%94%EB%A7%A4"">#돌팔매</a><br />흥제조기 찬원님 노래 너 시원스럽고<br />막혔던 가슴이 뻥 뚫리는 기분이에요<br />시청률제조기 역시 돌팔매 분당 최고 시청률<br />정통트롯은 이찬원이 최고<br />승승장구 할겁니다 이찬원 화이팅","#이찬원#사랑의콜센타#돌팔매
흥제조기 찬원님 노래 너 시원스럽고
막혔던 가슴이 뻥 뚫리는 기분이에요
시청률제조기 역시 돌팔매 분당 최고 시청률
정통트롯은 이찬원이 최고
승승장구 할겁니다 이찬원 화이팅",http://www.youtube.com/channel/UCEc0kWKYdpkznhxZg67bksA,74,music,0
70,0fqrz3ddW2U,0,안춘자,"<a href=""http://www.youtube.com/results?search_query=%23%EC%9D%B4%EC%B0%AC%EC%9B%90"">#이찬원</a> 사랑의 콜센타   돌팔매    울찬원님 정통트롯의 최강자 트롯천재 이찬원 독보적인 황금목소리 최고입니다 항상 응원하고 사랑합니다 💜",#이찬원 사랑의 콜센타   돌팔매    울찬원님 정통트롯의 최강자 트롯천재 이찬원 독보적인 황금목소리 최고입니다 항상 응원하고 사랑합니다 💜,http://www.youtube.com/channel/UCIUnZnymcPH7MZZN8VgWnKQ,79,music,0
71,0fqrz3ddW2U,0,김현숙,이찬원 사랑의콜센타 돌팔매 오늘도 화이팅 시원하게 막힘없이 화끈하게 신나게 즐기면서 노래하네요 트롯아이돌 오늘도 화이팅,이찬원 사랑의콜센타 돌팔매 오늘도 화이팅 시원하게 막힘없이 화끈하게 신나게 즐기면서 노래하네요 트롯아이돌 오늘도 화이팅,http://www.youtube.com/channel/UC9AQpW8x45BRCw6cWPdfqNQ,41,music,0
72,0fqrz3ddW2U,0,이진희,"<a href=""http://www.youtube.com/results?search_query=%23%EC%9D%B4%EC%B0%AC%EC%9B%90"">#이찬원</a><a href=""http://www.youtube.com/results?search_query=%23%EB%8F%8C%ED%8C%90%EB%A7%A4"">#돌판매</a><a href=""http://www.youtube.com/results?search_query=%23%EC%82%AC%EB%9E%91%EC%9D%98%EC%BD%9C%EC%84%BC%ED%83%80"">#사랑의콜센타</a> 트로트 왕자님 황금같은 목소리로  구수하고 씩씩하게 넘 잘 부르고 역시 울가수찬원님 항상 사랑하고 응원하겠습니다👍👍👍👍👍💖💖💖💖💖🌻🌻🌻🌻🌻",#이찬원#돌판매#사랑의콜센타 트로트 왕자님 황금같은 목소리로  구수하고 씩씩하게 넘 잘 부르고 역시 울가수찬원님 항상 사랑하고 응원하겠습니다👍👍👍👍👍💖💖💖💖💖🌻🌻🌻🌻🌻,http://www.youtube.com/channel/UCjqAKnEjuHWQ-iV8zJbppMw,100,music,0
73,0fqrz3ddW2U,0,별과나무,"<a href=""http://www.youtube.com/results?search_query=%23%EC%9D%B4%EC%B0%AC%EC%9B%90"">#이찬원</a> <br />시원시원한 명품 파워보컬 <br />트롯에 진심인 남자 이찬원<br />분위기 살리는 최고의 가수 <br />찬원님을 언제나 사랑하고 응원합니다","#이찬원 
시원시원한 명품 파워보컬 
트롯에 진심인 남자 이찬원
분위기 살리는 최고의 가수 
찬원님을 언제나 사랑하고 응원합니다",http://www.youtube.com/channel/UCWH_3tLnYEVxEIxx63OQFXQ,507,music,0
74,0fqrz3ddW2U,1,이순정,"<a href=""http://www.youtube.com/results?search_query=%23%EC%9D%B4%EC%B0%AC%EC%9B%90"">#이찬원</a>~님<a href=""http://www.youtube.com/results?search_query=%23%EC%82%AC%EB%9E%91%EC%9D%98%EC%BD%9C%EC%84%BC%ED%83%80"">#사랑의콜센타</a><br /><a href=""http://www.youtube.com/results?search_query=%23%EB%8F%8C%ED%8C%94%EB%A7%A4"">#돌팔매</a><br /> 트롯의 최강자 한상적인<br />중저음의 황금보컬<br />만능보컬리스트<a href=""http://www.youtube.com/results?search_query=%23%EC%9D%B4%EC%B0%AC%EC%9B%90"">#이찬원</a> 님<br />돌팔매 최고였어요👍👍<br />눈부신 수트핏 넘멋져요<br />언제나 화이팅👍💗💗💗💗💕","#이찬원~님#사랑의콜센타
#돌팔매
 트롯의 최강자 한상적인
중저음의 황금보컬
만능보컬리스트#이찬원 님
돌팔매 최고였어요👍👍
눈부신 수트핏 넘멋져요
언제나 화이팅👍💗💗💗💗💕",http://www.youtube.com/channel/UCkz9T0v1R22lT073ecHuVvQ,12,music,0
75,0fqrz3ddW2U,1,수승대,"<a href=""http://www.youtube.com/results?search_query=%23%EC%9D%B4%EC%B0%AC%EC%9B%90"">#이찬원</a> 공감합니다 순간 시청률 1위 돌팔매 최고입니다",#이찬원 공감합니다 순간 시청률 1위 돌팔매 최고입니다,http://www.youtube.com/channel/UCejzwW-tXt2LlCBP1iM-83g,15,music,0
76,0fqrz3ddW2U,1,김희신,@안희숙 트롯은 역시 이찬원 말이필요없네,@안희숙 트롯은 역시 이찬원 말이필요없네,http://www.youtube.com/channel/UCrD5By58en2TFmjDR0_gwRw,19,music,0
77,0fqrz3ddW2U,1,김선혜,공감합니다 울찬또 너무 잘했어요 최곱니다,공감합니다 울찬또 너무 잘했어요 최곱니다,http://www.youtube.com/channel/UCuDKYYiCT0AZeCVMP1J9VCA,19,music,0
78,0fqrz3ddW2U,1,안희숙,"이찬원님, 돌팔매,너무멋있어요","이찬원님, 돌팔매,너무멋있어요",http://www.youtube.com/channel/UCpzKJiuf10nCnHWU90RTXoQ,52,music,0
79,0fqrz3ddW2U,0,이춘옥,이찬원 사랑의콜센타 역시는 역시네요 황금목소리로 무대를 불살라 버렸네요  우리 찬원님께서 노래를 부르시면 목소리에 빠져들어가게하고 묘한 음색에 빠져들어가요 트롯트 최고의실려자가수 찬원님께서 불려주셔야 노래는 제맛이 납니다 우리가수 최고중에 최고입니다 사랑하고 응원합니다,이찬원 사랑의콜센타 역시는 역시네요 황금목소리로 무대를 불살라 버렸네요  우리 찬원님께서 노래를 부르시면 목소리에 빠져들어가게하고 묘한 음색에 빠져들어가요 트롯트 최고의실려자가수 찬원님께서 불려주셔야 노래는 제맛이 납니다 우리가수 최고중에 최고입니다 사랑하고 응원합니다,http://www.youtube.com/channel/UCvui61Wi0Gp22UQYd7fpHJQ,67,music,0
80,0fqrz3ddW2U,0,수연정,"<a href=""http://www.youtube.com/results?search_query=%23%EC%9D%B4%EC%B0%AC%EC%9B%90"">#이찬원</a> <a href=""http://www.youtube.com/results?search_query=%23%EC%82%AC%EB%9E%91%EC%9D%98%EC%BD%9C%EC%84%BC%ED%83%80"">#사랑의콜센타</a><br />언제나 찬또<br />정통트롯의 맛을 제대로 <br />살려서 노래 하는 이찬원<br />잘해도 너무 잘 합니다  <br />트롯 최고의가수 <a href=""http://www.youtube.com/results?search_query=%23%EC%9D%B4%EC%B0%AC%EC%9B%90"">#이찬원</a>","#이찬원 #사랑의콜센타
언제나 찬또
정통트롯의 맛을 제대로 
살려서 노래 하는 이찬원
잘해도 너무 잘 합니다  
트롯 최고의가수 #이찬원",http://www.youtube.com/channel/UCJnBtlUrx8zkzUTjUKpDptQ,53,music,0
81,0fqrz3ddW2U,0,매력또,이찬원 돌팔매 <br />뛰어난 가창력 눈부신 미모 내가수님 멋져요 👍 <br />사랑합니다 언제나 화이팅하세요 💛💛💛,"이찬원 돌팔매 
뛰어난 가창력 눈부신 미모 내가수님 멋져요 👍 
사랑합니다 언제나 화이팅하세요 💛💛💛",http://www.youtube.com/channel/UCeKhtKG064n5uPPHG6B6KbA,88,music,0
82,0fqrz3ddW2U,0,이상희,누구야 트롯트 명곡이네요 찬원님 노래하시면 명품이지요 나는 최고 왕판이네요   화이팅^^👍👍👍,누구야 트롯트 명곡이네요 찬원님 노래하시면 명품이지요 나는 최고 왕판이네요   화이팅^^👍👍👍,http://www.youtube.com/channel/UC3-JkZoO9ri4HTmVnLJO0qA,52,music,0
83,0fqrz3ddW2U,0,over the waves,이쁜 울 가수 이찬원 사람을 행복하게 하는 노래 많이 많이  들려주세요 찬원님 노래 많이 들으려면 오래 오래 건강하게 살아야지,이쁜 울 가수 이찬원 사람을 행복하게 하는 노래 많이 많이  들려주세요 찬원님 노래 많이 들으려면 오래 오래 건강하게 살아야지,http://www.youtube.com/channel/UCtT1Js0F1UQRg57qhYMu_wQ,457,music,0
84,0fqrz3ddW2U,1,김영숙,흥또배기 트롯은 흥입니다<br />황금보이스 미남가수 보니 기분이 좋아지니 장수할것 같습니다,"흥또배기 트롯은 흥입니다
황금보이스 미남가수 보니 기분이 좋아지니 장수할것 같습니다",http://www.youtube.com/channel/UCSvR0pRWvMt7yXGzh051FcQ,18,music,0
85,0fqrz3ddW2U,1,정점임,"<a href=""http://www.youtube.com/results?search_query=%23%EC%9D%B4%EC%B0%AC%EC%9B%90"">#이찬원</a> <a href=""http://www.youtube.com/results?search_query=%23%EB%8F%8C%ED%8C%94%EB%A7%A4"">#돌팔매</a> 상낭자 # 트롯감성천재 최고입니다 울찬또배기👍👍👍",#이찬원 #돌팔매 상낭자 # 트롯감성천재 최고입니다 울찬또배기👍👍👍,http://www.youtube.com/channel/UC8di_o6hvj0epqeH4dS5Wmw,29,music,0
86,0fqrz3ddW2U,1,김정인,완전공감합니다 ~~~,완전공감합니다 ~~~,http://www.youtube.com/channel/UCkGR_5AgxjkQGHsfrXkZjww,27,music,0
87,0fqrz3ddW2U,1,김옥순,"<a href=""http://www.youtube.com/results?search_query=%23%EC%9D%B4%EC%B0%AC%EC%9B%90"">#이찬원</a> <a href=""http://www.youtube.com/results?search_query=%23%EC%82%AC%EB%9E%91%EC%9D%98%EC%BD%9C%EC%84%BC%ED%83%80"">#사랑의콜센타</a> <a href=""http://www.youtube.com/results?search_query=%23%EB%8F%8C%ED%8C%94%EB%A7%A4"">#돌팔매</a> 멋진울가수님 노래들으면 행복이절로나네요 넘좋와요 매력있는목소리 행복비타민 찬원님 언제나 응원하고 사랑합니다 💛",#이찬원 #사랑의콜센타 #돌팔매 멋진울가수님 노래들으면 행복이절로나네요 넘좋와요 매력있는목소리 행복비타민 찬원님 언제나 응원하고 사랑합니다 💛,http://www.youtube.com/channel/UCqrGvSCbusSCTdgYpzf8Svw,31,music,0
88,0fqrz3ddW2U,1,박정자,"<a href=""http://www.youtube.com/results?search_query=%23%EC%9D%B4%EC%B0%AC%EC%9B%90"">#이찬원</a>  화이팅 사랑합니다 넘멋져요",#이찬원  화이팅 사랑합니다 넘멋져요,http://www.youtube.com/channel/UCv0dqnYtI_0MSHrZpBmMStQ,38,music,0
89,0fqrz3ddW2U,0,황영숙,"<a href=""http://www.youtube.com/results?search_query=%23%EC%9D%B4%EC%B0%AC%EC%9B%90"">#이찬원</a> <a href=""http://www.youtube.com/results?search_query=%23leechanwon"">#LeeChanWon</a> <a href=""http://www.youtube.com/results?search_query=%23%EC%9D%B4%EC%B0%AC%EC%9B%90"">#이찬원</a> 돌팔매 찬원님 가창력 최고세요 시원 시원한 성량 힘이 넘처요 정통트롯 찬원왕자님 대단히 사랑합니다 💜💜💜💜💜💜👍👍🙆",#이찬원 #LeeChanWon #이찬원 돌팔매 찬원님 가창력 최고세요 시원 시원한 성량 힘이 넘처요 정통트롯 찬원왕자님 대단히 사랑합니다 💜💜💜💜💜💜👍👍🙆,http://www.youtube.com/channel/UCnQCjea8t1BcULlc4heySXw,50,music,0
90,0fqrz3ddW2U,1,Jeongsuk Park,"<a href=""http://www.youtube.com/results?search_query=%23%EC%9D%B4%EC%B0%AC%EC%9B%90"">#이찬원</a> <br />정통트롯천재 황금목소리 최고입니다 이찬원님 응원합니다","#이찬원 
정통트롯천재 황금목소리 최고입니다 이찬원님 응원합니다",http://www.youtube.com/channel/UCokvqDFA0spr5Bq54Jn0hnw,8,music,0
91,0fqrz3ddW2U,0,Jeongsuk Park,"<a href=""http://www.youtube.com/results?search_query=%23%EC%9D%B4%EC%B0%AC%EC%9B%90"">#이찬원</a> <a href=""http://www.youtube.com/results?search_query=%23%EC%82%AC%EB%9E%91%EC%9D%98%EC%BD%9C%EC%84%BC%ED%83%80"">#사랑의콜센타</a> <a href=""http://www.youtube.com/results?search_query=%23%EC%9D%B4%EC%B0%AC%EC%9B%90%EB%8F%8C%ED%8C%94%EB%A7%A4"">#이찬원돌팔매</a> <br />이찬원 가수님 사랑합니다 <br />뛰여난 가창력 폭풍성량 라이브황제 이찬원님 역시 트롯가황입니다 응원합니다","#이찬원 #사랑의콜센타 #이찬원돌팔매 
이찬원 가수님 사랑합니다 
뛰여난 가창력 폭풍성량 라이브황제 이찬원님 역시 트롯가황입니다 응원합니다",http://www.youtube.com/channel/UCokvqDFA0spr5Bq54Jn0hnw,113,music,0
92,0fqrz3ddW2U,1,봉국녀,"<a href=""http://www.youtube.com/results?search_query=%23%EC%9D%B4%EC%B0%AC%EC%9B%90"">#이찬원</a>  <a href=""http://www.youtube.com/results?search_query=%23%EC%9D%B4%EC%B0%AC%EC%9B%90%EC%9C%A0%ED%8A%9C%EB%B8%8C"">#이찬원유튜브</a><br />오늘우리가수유튜브열심히달려봅시다<br />최고의꽃길만들어  갑시다  화이팅합시다","#이찬원  #이찬원유튜브
오늘우리가수유튜브열심히달려봅시다
최고의꽃길만들어  갑시다  화이팅합시다",http://www.youtube.com/channel/UCOWVC3vTf7uUlCqCkEBXyhw,0,music,0
93,0fqrz3ddW2U,0,권1,"<a href=""http://www.youtube.com/results?search_query=%23%EC%9D%B4%EC%B0%AC%EC%9B%90"">#이찬원</a> <a href=""http://www.youtube.com/results?search_query=%23%EB%8F%8C%ED%8C%94%EB%A7%A4"">#돌팔매</a><br />이찬원 폭풍가창력 최고입니다 👍💕😍❤✨<br />이찬원 승승장구하세요 🙏 🙏🙏🙏🙏🙏🙏","#이찬원 #돌팔매
이찬원 폭풍가창력 최고입니다 👍💕😍❤✨
이찬원 승승장구하세요 🙏 🙏🙏🙏🙏🙏🙏",http://www.youtube.com/channel/UCplZOmFlxKvAJ5X60RGaFUA,62,music,0
94,0fqrz3ddW2U,0,김순화,"<a href=""http://www.youtube.com/results?search_query=%23%EC%9D%B4%EC%B0%AC%EC%9B%90"">#이찬원</a><a href=""http://www.youtube.com/results?search_query=%23%EC%82%AC%EB%9E%91%EC%9D%98%EC%BD%9C%EC%84%BC%ED%84%B0"">#사랑의콜센터</a><a href=""http://www.youtube.com/results?search_query=%23%EB%8F%8C%ED%8C%94%EB%A7%A4"">#돌팔매</a><br />트롯진<a href=""http://www.youtube.com/results?search_query=%23%EC%9D%B4%EC%B0%AC%EC%9B%90%EB%8B%98"">#이찬원님</a> 역시 불렀다하면 명곡이 되어버립니다 시원시원 가슴이 확 뚫어지는 가창력 반짝반짝 외모 해맑은 미소가 빛을 내어 주네요 최고입니다👍👍👍👍👍💕💕💕💕💕","#이찬원#사랑의콜센터#돌팔매
트롯진#이찬원님 역시 불렀다하면 명곡이 되어버립니다 시원시원 가슴이 확 뚫어지는 가창력 반짝반짝 외모 해맑은 미소가 빛을 내어 주네요 최고입니다👍👍👍👍👍💕💕💕💕💕",http://www.youtube.com/channel/UCsBhv11zcS-rIDFb8X7pwvQ,54,music,0
95,0fqrz3ddW2U,0,럭키찬또,"<a href=""http://www.youtube.com/results?search_query=%23%EC%9D%B4%EC%B0%AC%EC%9B%90"">#이찬원</a><br />이찬원 돌팔매 <br />매력보이스 멋진무대 감동입니다 <br />찬원님 노래는 너무 시원시원 가슴이 뻥<br />이찬원이장르다 최고입니다<br />이찬원 항상응원합니다","#이찬원
이찬원 돌팔매 
매력보이스 멋진무대 감동입니다 
찬원님 노래는 너무 시원시원 가슴이 뻥
이찬원이장르다 최고입니다
이찬원 항상응원합니다",http://www.youtube.com/channel/UC0JfdM218Gx2NnkAfNxe0NQ,326,music,0
96,0fqrz3ddW2U,1,김희신,국보로 지정해야    됄만큼  잘하는 이찬원 자랑스럽네요,국보로 지정해야    됄만큼  잘하는 이찬원 자랑스럽네요,http://www.youtube.com/channel/UCrD5By58en2TFmjDR0_gwRw,15,music,0
97,0fqrz3ddW2U,1,봉국녀,"<a href=""http://www.youtube.com/results?search_query=%23%EC%9D%B4%EC%B0%AC%EC%9B%90"">#이찬원</a> <a href=""http://www.youtube.com/results?search_query=%23%EB%8F%8C%ED%8C%94%EB%A7%A4"">#돌팔매</a> <a href=""http://www.youtube.com/results?search_query=%23%EC%9D%B4%EC%B0%AC%EC%9B%90%EC%9C%A0%ED%8A%9C%EB%B8%8C"">#이찬원유튜브</a><br />정통트릇트의왕자님이있어 오늘도<br />웃으면 하루를 보냅니다 사랑합니다","#이찬원 #돌팔매 #이찬원유튜브
정통트릇트의왕자님이있어 오늘도
웃으면 하루를 보냅니다 사랑합니다",http://www.youtube.com/channel/UCOWVC3vTf7uUlCqCkEBXyhw,21,music,0
98,0fqrz3ddW2U,1,김선옥,"<a href=""http://www.youtube.com/results?search_query=%23%EC%9D%B4%EC%B0%AC%EC%9B%90"">#이찬원</a><a href=""http://www.youtube.com/results?search_query=%23%EB%8F%8C%ED%8C%94%EB%A7%A4"">#돌팔매</a> 가사가 딱 딱 뇌리에 들어오네요 너무 멋졌습니다!!~~^",#이찬원#돌팔매 가사가 딱 딱 뇌리에 들어오네요 너무 멋졌습니다!!~~^,http://www.youtube.com/channel/UCpMtjxnM5xvzDvjiGpeDNVg,26,music,0
99,0fqrz3ddW2U,0,찬인연또,이찬원 사랑의콜센타 바라만보아도 좋은 내가수님 최고의가수 최고의1분 시청률요정 대단히축하하고 사랑합니다,이찬원 사랑의콜센타 바라만보아도 좋은 내가수님 최고의가수 최고의1분 시청률요정 대단히축하하고 사랑합니다,http://www.youtube.com/channel/UCduHMixxx0IKTWTrlXAuP7g,52,music,0
100,0fqrz3ddW2U,0,고영희,정통트롯의최강자답게시원시원한가창력에반키울려부르는폭풍성량까지만능엔터테이너다운너무도멋지고완전최고였어요.영원히승승장구히시고건강하시고행복하세요.사랑합니다.👍👍👍💛💛💛💛💛💛💛💛💛💛,정통트롯의최강자답게시원시원한가창력에반키울려부르는폭풍성량까지만능엔터테이너다운너무도멋지고완전최고였어요.영원히승승장구히시고건강하시고행복하세요.사랑합니다.👍👍👍💛💛💛💛💛💛💛💛💛💛,http://www.youtube.com/channel/UCZXnnCbvEjOK11uOlwL7F5w,128,music,0
101,0fqrz3ddW2U,1,이미화,@수수님<br />무슨뜻인가요?,"@수수님
무슨뜻인가요?",http://www.youtube.com/channel/UCBTkipEZfwcTr-iQsaYQwNg,1,music,0
102,0fqrz3ddW2U,1,수수,ㅅ,ㅅ,http://www.youtube.com/channel/UCfMcC4ZvSBGa74Dlhu770rQ,2,music,0
103,0fqrz3ddW2U,0,찬동구래미,"<a href=""http://www.youtube.com/results?search_query=%23%EC%9D%B4%EC%B0%AC%EC%9B%90"">#이찬원</a>#.와아.트롯트에.청국장보이스.사콜에서.제대로.돌을던저군요.트롯트에왕자답게.최고최고.웃는모습이예쁜.울.이찬원.사랑해용.😄꽃길만가자~~~♥️♥️♥️♥️♥️",#이찬원#.와아.트롯트에.청국장보이스.사콜에서.제대로.돌을던저군요.트롯트에왕자답게.최고최고.웃는모습이예쁜.울.이찬원.사랑해용.😄꽃길만가자~~~♥️♥️♥️♥️♥️,http://www.youtube.com/channel/UCMNKw7-k5aoQKZlgXVogfaw,90,music,0
104,0fqrz3ddW2U,0,백진주,"<a href=""http://www.youtube.com/results?search_query=%23%EC%9D%B4%EC%B0%AC%EC%9B%90"">#이찬원</a> 돌팔매<br />감성 폭풍 꿀 성대.<br />어떤 노래도 부르면<br />대박.정통트롯으로<br />감칠맛나는 노래로<br />만드는 찬원님 최고입니다.👍👍👍","#이찬원 돌팔매
감성 폭풍 꿀 성대.
어떤 노래도 부르면
대박.정통트롯으로
감칠맛나는 노래로
만드는 찬원님 최고입니다.👍👍👍",http://www.youtube.com/channel/UC2LK6hBOwvIOTrrwEJKqNvQ,102,music,0
105,0fqrz3ddW2U,0,표평열,이찬원 사랑의콜센터 돌팔매<br />역시 트롯은 최고입니다 이찬원의 트롯은 최고입니다 👍,"이찬원 사랑의콜센터 돌팔매
역시 트롯은 최고입니다 이찬원의 트롯은 최고입니다 👍",http://www.youtube.com/channel/UCPfIqSOhF7b9UfzFFROA3UQ,340,music,0
106,0fqrz3ddW2U,0,양길자,"<a href=""http://www.youtube.com/results?search_query=%23%EC%9D%B4%EC%B0%AC%EC%9B%90"">#이찬원</a> <a href=""http://www.youtube.com/results?search_query=%23%EC%82%AC%EB%9E%91%EC%9D%98%EC%BD%9C%EC%84%BC%ED%83%80"">#사랑의콜센타</a><a href=""http://www.youtube.com/results?search_query=%23%EB%8F%8C%ED%8C%94%EB%A7%A4"">#돌팔매</a>            명품보이스  구수하면서도 감미롭게  너무 잘해요 노래에 끌려들게 하는 마력 너무 감동입니다 역시 트롯은 최고의 가수이네요  너무 멋있고 제일 빛났어요 정말 행복했습니다                     찬원님 건강잘챙기시고 항상꽃길만 걸어요 사랑하고 응원합니다",#이찬원 #사랑의콜센타#돌팔매            명품보이스  구수하면서도 감미롭게  너무 잘해요 노래에 끌려들게 하는 마력 너무 감동입니다 역시 트롯은 최고의 가수이네요  너무 멋있고 제일 빛났어요 정말 행복했습니다                     찬원님 건강잘챙기시고 항상꽃길만 걸어요 사랑하고 응원합니다,http://www.youtube.com/channel/UCjwImLGHBMBv-r8lBUIsKGg,84,music,0
107,0fqrz3ddW2U,1,봉국녀,"<a href=""http://www.youtube.com/results?search_query=%23%EC%9D%B4%EC%B0%AC%EC%9B%90"">#이찬원</a> ~맟습니다 역시최고의가수<br />트릇트의천재 영원한국민가수님 사랑합니다","#이찬원 ~맟습니다 역시최고의가수
트릇트의천재 영원한국민가수님 사랑합니다",http://www.youtube.com/channel/UCOWVC3vTf7uUlCqCkEBXyhw,0,music,0
108,0fqrz3ddW2U,1,Jeongsuk Park,"<a href=""http://www.youtube.com/results?search_query=%23%EC%9D%B4%EC%B0%AC%EC%9B%90"">#이찬원</a> <br />정통트롯천재 황금목소리 역시 최고입니다 응원합니다","#이찬원 
정통트롯천재 황금목소리 역시 최고입니다 응원합니다",http://www.youtube.com/channel/UCokvqDFA0spr5Bq54Jn0hnw,17,music,0
109,0fqrz3ddW2U,0,행운별,"<a href=""http://www.youtube.com/results?search_query=%23%EC%9D%B4%EC%B0%AC%EC%9B%90"">#이찬원</a> <br />사랑의콜센타 돌팔매<br />노래면노래 예능이면예능 다재다능한 찬원님의 재능을 응원합니다 이찬원 승승장구 하세요🌿🌷🌿🌷","#이찬원 
사랑의콜센타 돌팔매
노래면노래 예능이면예능 다재다능한 찬원님의 재능을 응원합니다 이찬원 승승장구 하세요🌿🌷🌿🌷",http://www.youtube.com/channel/UC8K86GSaDWcBHKTnp-jt_ig,43,music,0
110,0fqrz3ddW2U,0,김옥순,"<a href=""http://www.youtube.com/results?search_query=%23%EC%9D%B4%EC%B0%AC%EC%9B%90"">#이찬원</a> 사랑의콜센타 <br />돌팔매 트롯강자 최고에요 일년된 가수님이 이렇게 잘 할수가 트롯천재 찬원님 더 높이높이 쭉쭉 승승장구 하시길 바랍니다 화이팅입니다","#이찬원 사랑의콜센타 
돌팔매 트롯강자 최고에요 일년된 가수님이 이렇게 잘 할수가 트롯천재 찬원님 더 높이높이 쭉쭉 승승장구 하시길 바랍니다 화이팅입니다",http://www.youtube.com/channel/UCEcXglBSicBujyg8t0eK4Cw,57,music,0
111,0fqrz3ddW2U,0,김현숙,이찬원 사랑의콜센타 돌팔매 타고난명품보이스 우렁차게 시원하게 구수한보이스 최고  정통트롯대가 승승장구하세요,이찬원 사랑의콜센타 돌팔매 타고난명품보이스 우렁차게 시원하게 구수한보이스 최고  정통트롯대가 승승장구하세요,http://www.youtube.com/channel/UC9AQpW8x45BRCw6cWPdfqNQ,47,music,0
112,0fqrz3ddW2U,0,Youngsoo Choi,"<a href=""http://www.youtube.com/results?search_query=%23%EC%9D%B4%EC%B0%AC%EC%9B%90"">#이찬원</a> 정통트롯최강자 시원한 가창력 꺾기달인 잘한다 트롯천재 대성하세요",#이찬원 정통트롯최강자 시원한 가창력 꺾기달인 잘한다 트롯천재 대성하세요,http://www.youtube.com/channel/UCDyY1gyKq_1HqhlvWO8mymw,455,music,0
113,0fqrz3ddW2U,1,정영진,"<a href=""http://www.youtube.com/results?search_query=%23%EC%9D%B4%EC%B0%AC%EC%9B%90"">#이찬원</a> <a href=""http://www.youtube.com/results?search_query=%23%ED%94%8C%EB%A0%88%ED%9D%AC%EB%A6%AC%EC%8A%A4%EB%98%90"">#플레희리스또</a> 사랑합니다",#이찬원 #플레희리스또 사랑합니다,http://www.youtube.com/channel/UCk1nT8ICbf232mP78iIqtVg,2,music,0
114,0fqrz3ddW2U,1,시절인연,"<a href=""http://www.youtube.com/results?search_query=%23%EC%9D%B4%EC%B0%AC%EC%9B%90"">#이찬원</a><a href=""http://www.youtube.com/results?search_query=%23%EB%8F%8C%ED%8C%94%EB%A7%A4"">#돌팔매</a> 트롯강자 최고중에 최고입니다 오늘도 열응합니다",#이찬원#돌팔매 트롯강자 최고중에 최고입니다 오늘도 열응합니다,http://www.youtube.com/channel/UCgKLRtdSWtToVO9N3WL6bAg,6,music,0
115,0fqrz3ddW2U,1,박다희,"<a href=""http://www.youtube.com/results?search_query=%23%EC%9D%B4%EC%B0%AC%EC%9B%90"">#이찬원</a><br /><a href=""http://www.youtube.com/results?search_query=%23%EC%82%AC%EB%9E%91%EC%9D%98%EC%BD%9C%EC%84%BC%ED%83%80"">#사랑의콜센타</a><br /><a href=""http://www.youtube.com/results?search_query=%23%EB%8F%8C%ED%8C%94%EB%A7%A4"">#돌팔매</a><br />시원한가창력이돋보이는 울찬원님 역시끝내줍니다~👍👍👍  사랑하는찬원님 최고입니다.👏👏👏💛🍑","#이찬원
#사랑의콜센타
#돌팔매
시원한가창력이돋보이는 울찬원님 역시끝내줍니다~👍👍👍  사랑하는찬원님 최고입니다.👏👏👏💛🍑",http://www.youtube.com/channel/UCx6NnI1v7V9GRo5GxrBi_4A,18,music,0
116,0fqrz3ddW2U,1,m star돈대박,"<a href=""http://www.youtube.com/results?search_query=%23%EC%9D%B4%EC%B0%AC%EC%9B%90"">#이찬원</a> 최고에요<br />트롯은 즐거운힐링입니다<br />💕🦋💕🦋💕🦋","#이찬원 최고에요
트롯은 즐거운힐링입니다
💕🦋💕🦋💕🦋",http://www.youtube.com/channel/UCODuA44Qs3xJREzUZUo8_8Q,36,music,0
117,0fqrz3ddW2U,1,이은경,"<a href=""http://www.youtube.com/results?search_query=%23%EC%9D%B4%EC%B0%AC%EC%9B%90"">#이찬원</a> <a href=""http://www.youtube.com/results?search_query=%23%EB%8F%8C%ED%8C%94%EB%A7%A4"">#돌팔매</a><br />시원하고 구수한 노래 최고입니다.<br />국보급 트롯가수 이찬원 화이팅!!","#이찬원 #돌팔매
시원하고 구수한 노래 최고입니다.
국보급 트롯가수 이찬원 화이팅!!",http://www.youtube.com/channel/UCsiFLX2ezXLadd-FGjFWY7g,42,music,0
118,0fqrz3ddW2U,0,찬또애,"<a href=""http://www.youtube.com/results?search_query=%23%EC%9D%B4%EC%B0%AC%EC%9B%90"">#이찬원</a><a href=""http://www.youtube.com/results?search_query=%23%EB%8B%98"">#님</a> 돌팔매 너무너무잘부르셨어요 역시찬원님은  명가수님이세요  우리들에보물  금쪽갔은 울 가수님   노래마다명곡이탄생합니다  영혼이  찬원님 편입니다  많이많이사랑 합니다 최고십니다 슈트가 잘~~어울리는 찬원님 예쁘셔요   사랑해요🦆",#이찬원#님 돌팔매 너무너무잘부르셨어요 역시찬원님은  명가수님이세요  우리들에보물  금쪽갔은 울 가수님   노래마다명곡이탄생합니다  영혼이  찬원님 편입니다  많이많이사랑 합니다 최고십니다 슈트가 잘~~어울리는 찬원님 예쁘셔요   사랑해요🦆,http://www.youtube.com/channel/UCuktRZ-cJho6WUoUMEcm4Bw,77,music,0
119,0fqrz3ddW2U,0,이미나,"<a href=""http://www.youtube.com/results?search_query=%23%EC%9D%B4%EC%B0%AC%EC%9B%90_%EB%8F%8C%ED%8C%94%EB%A7%A4"">#이찬원_돌팔매</a> <a href=""http://www.youtube.com/results?search_query=%23%ED%8A%B8%EB%A1%AF%EC%B2%9C%EC%9E%AC"">#트롯천재</a> <br />절대음원의 최고치를 보여주는 퍼패트한 무대<br />감사합니다 잘해도 넘 잘해요  노래를 갖고 노는 트롯신동 이젠 거성이 되셨네요 <br />최고 최고입니다   대단히 대단히 사랑합니다","#이찬원_돌팔매 #트롯천재 
절대음원의 최고치를 보여주는 퍼패트한 무대
감사합니다 잘해도 넘 잘해요  노래를 갖고 노는 트롯신동 이젠 거성이 되셨네요 
최고 최고입니다   대단히 대단히 사랑합니다",http://www.youtube.com/channel/UC-jtnwROn_menTT3DtpVZwA,58,music,0
120,0fqrz3ddW2U,0,찬또배기,이찬원 돌팔매 시원하고 파워플한 가창력<br />정통트롯 최강자 항상 응원합니다,"이찬원 돌팔매 시원하고 파워플한 가창력
정통트롯 최강자 항상 응원합니다",http://www.youtube.com/channel/UCEUmlAHGLwiEEs3kYs90flw,24,music,0
121,0fqrz3ddW2U,0,봉국녀,"<a href=""http://www.youtube.com/results?search_query=%23%EC%9D%B4%EC%B0%AC%EC%9B%90"">#이찬원</a> <a href=""http://www.youtube.com/results?search_query=%23%EC%82%AC%EB%9E%91%EC%9D%98%EC%BD%9C%EC%84%BC%ED%83%80"">#사랑의콜센타</a> <a href=""http://www.youtube.com/results?search_query=%23%EB%8F%8C%ED%8C%94%EB%A7%A4"">#돌팔매</a><br />세상을살다보면 밤사이에 그어떤걱정과<br />슬품일이있어도  울 국민가수찬원왕자님<br />노래의힘이 엄청크게  위안을줍니다 언제나  고맙고 사랑합니다 건강하세요","#이찬원 #사랑의콜센타 #돌팔매
세상을살다보면 밤사이에 그어떤걱정과
슬품일이있어도  울 국민가수찬원왕자님
노래의힘이 엄청크게  위안을줍니다 언제나  고맙고 사랑합니다 건강하세요",http://www.youtube.com/channel/UCOWVC3vTf7uUlCqCkEBXyhw,75,music,0
122,0fqrz3ddW2U,0,찬스이찬원 바라기,"<a href=""http://www.youtube.com/results?search_query=%23%EC%9D%B4%EC%B0%AC%EC%9B%90"">#이찬원</a> <a href=""http://www.youtube.com/results?search_query=%23leechanwon"">#LeeChanWon</a><br /><a href=""http://www.youtube.com/results?search_query=%23%EC%9D%B4%EC%B0%AC%EC%9B%90%EC%82%AC%EB%9E%91%EC%9D%98%EC%BD%9C%EC%84%BC%ED%83%80"">#이찬원사랑의콜센타</a><br />한곡도 빠짐없이 명곡을 명품으로 만드는<br /><a href=""http://www.youtube.com/results?search_query=%23%EC%9D%B4%EC%B0%AC%EC%9B%90"">#이찬원</a> 정통트롯의 대가 천재 뮤지션 최고중의최고  언제나 응원하고 사랑합니다💛💛💛💛💛👍👍👍👍👍","#이찬원 #LeeChanWon
#이찬원사랑의콜센타
한곡도 빠짐없이 명곡을 명품으로 만드는
#이찬원 정통트롯의 대가 천재 뮤지션 최고중의최고  언제나 응원하고 사랑합니다💛💛💛💛💛👍👍👍👍👍",http://www.youtube.com/channel/UC_lWBGPyJs15YtUHEjQf21g,73,music,0
123,0fqrz3ddW2U,0,이영민,"<a href=""http://www.youtube.com/results?search_query=%23%EC%9D%B4%EC%B0%AC%EC%9B%90"">#이찬원</a> <a href=""http://www.youtube.com/results?search_query=%23%EC%82%AC%EB%9E%91%EC%9D%98%EC%BD%9C%EC%84%BC%ED%83%80"">#사랑의콜센타</a> <a href=""http://www.youtube.com/results?search_query=%23%EB%8F%8C%ED%8C%94%EB%A7%A4"">#돌팔매</a>  우리가수 <a href=""http://www.youtube.com/results?search_query=%23%EC%9D%B4%EC%B0%AC%EC%9B%90"">#이찬원</a>  딕션 보소!<br />저고음에서도 발음하나 뭉게지않고시원하게 불러재끼네요<br />이러니<a href=""http://www.youtube.com/results?search_query=%23%EC%9D%B4%EC%B0%AC%EC%9B%90%EC%8B%9D"">#이찬원식</a> 트롯은 느끼하게 들리지않고질리지않는 고급진 트롯이되는겁니다<br />신이주신 최고의선물<br /><a href=""http://www.youtube.com/results?search_query=%23%EC%9D%B4%EC%B0%AC%EC%9B%90"">#이찬원</a> 만 사랑합니다","#이찬원 #사랑의콜센타 #돌팔매  우리가수 #이찬원  딕션 보소!
저고음에서도 발음하나 뭉게지않고시원하게 불러재끼네요
이러니#이찬원식 트롯은 느끼하게 들리지않고질리지않는 고급진 트롯이되는겁니다
신이주신 최고의선물
#이찬원 만 사랑합니다",http://www.youtube.com/channel/UC8jstNUL8HmdN1gPAdrQ2pw,42,music,0
124,0fqrz3ddW2U,0,송경숙,"<a href=""http://www.youtube.com/results?search_query=%23%EC%9D%B4%EC%B0%AC%EC%9B%90"">#이찬원</a> <a href=""http://www.youtube.com/results?search_query=%23leechanwon"">#LeeChanWon</a> <br /><a href=""http://www.youtube.com/results?search_query=%23%EB%8F%8C%ED%8C%94%EB%A7%A4"">#돌팔매</a> <a href=""http://www.youtube.com/results?search_query=%23%EC%82%AC%EB%9E%91%EC%9D%98%EC%BD%9C%EC%84%BC%ED%84%B0"">#사랑의콜센터</a> <br />찬원님 반키 UP 해도 <br />폭풍가창력 최고최고 👍<br />황금보이스 최고최고 👍<br />찬원님 늘 곁에서 응원하고 많이많이 사랑합니다❤❤❤❤❤❤","#이찬원 #LeeChanWon 
#돌팔매 #사랑의콜센터 
찬원님 반키 UP 해도 
폭풍가창력 최고최고 👍
황금보이스 최고최고 👍
찬원님 늘 곁에서 응원하고 많이많이 사랑합니다❤❤❤❤❤❤",http://www.youtube.com/channel/UCu8aHfbib1DY-cPA9l4bsMw,50,music,0
125,0fqrz3ddW2U,0,오윤서,찬원군 최고 최고 늘 응원합니다 화이팅 ㆍ,찬원군 최고 최고 늘 응원합니다 화이팅 ㆍ,http://www.youtube.com/channel/UCU_I8rkNiXRkRj8Gupo9I0Q,25,music,0
126,0fqrz3ddW2U,0,한송이,"이찬원  돌팔매 <br />누구야~~  첫소절에 심쿵했어요<br />목소리에 심멋입니다<br />노래할때 더욱 빛나는 이찬원 <br />한결같이 응원합니다 <br />사랑합니다 <br /><a href=""http://www.youtube.com/results?search_query=%23%EC%9D%B4%EC%B0%AC%EC%9B%90"">#이찬원</a> <a href=""http://www.youtube.com/results?search_query=%23%EC%82%AC%EB%9E%91%EC%9D%98%EC%BD%9C%EC%84%BC%ED%83%80"">#사랑의콜센타</a>","이찬원  돌팔매 
누구야~~  첫소절에 심쿵했어요
목소리에 심멋입니다
노래할때 더욱 빛나는 이찬원 
한결같이 응원합니다 
사랑합니다 
#이찬원 #사랑의콜센타",http://www.youtube.com/channel/UCsVwXoTsE1eT9D8hf-E-Hig,602,music,0
127,0fqrz3ddW2U,1,가왕또훈아,"<a href=""http://www.youtube.com/results?search_query=%23%EC%9D%B4%EC%B0%AC%EC%9B%90"">#이찬원</a> 님 폭풍가창력 스릉합니다..최고..",#이찬원 님 폭풍가창력 스릉합니다..최고..,http://www.youtube.com/channel/UCfQuAAkJcWgIeo4zIxNf8qA,10,music,0
128,0fqrz3ddW2U,1,Jeongsuk Park,"<a href=""http://www.youtube.com/results?search_query=%23%EC%9D%B4%EC%B0%AC%EC%9B%90"">#이찬원</a> <br />정통트롯천재 이찬원님 응원합니다 최고입니다","#이찬원 
정통트롯천재 이찬원님 응원합니다 최고입니다",http://www.youtube.com/channel/UCokvqDFA0spr5Bq54Jn0hnw,12,music,0
129,0fqrz3ddW2U,1,m star돈대박,"<a href=""http://www.youtube.com/results?search_query=%23%EC%9D%B4%EC%B0%AC%EC%9B%90"">#이찬원</a> 영원해요<br />밝은미소의 노래최고에요<br />💯🤩💯🤩💯🤩","#이찬원 영원해요
밝은미소의 노래최고에요
💯🤩💯🤩💯🤩",http://www.youtube.com/channel/UCODuA44Qs3xJREzUZUo8_8Q,45,music,0
130,0fqrz3ddW2U,0,영이랑,"이찬원  트롯계를 뒤흔들 원석중의 원석 이미 빛나고 있지만 더 더 찬란하게 원없이 빛나는 국민거성 이 되기를 매일 매순간 응원합니다  <a href=""http://www.youtube.com/results?search_query=%23%EC%9D%B4%EC%B0%AC%EC%9B%90"">#이찬원</a> <a href=""http://www.youtube.com/results?search_query=%23%EC%9D%B4%EC%B0%AC%EC%9B%90_%EC%82%AC%EB%9E%91%EC%9D%98%EC%BD%9C%EC%84%BC%ED%83%80"">#이찬원_사랑의콜센타</a>",이찬원  트롯계를 뒤흔들 원석중의 원석 이미 빛나고 있지만 더 더 찬란하게 원없이 빛나는 국민거성 이 되기를 매일 매순간 응원합니다  #이찬원 #이찬원_사랑의콜센타,http://www.youtube.com/channel/UCESTmt1TYWD3t7ZofzeD5AQ,26,music,0
131,0fqrz3ddW2U,0,김인숙,"<a href=""http://www.youtube.com/results?search_query=%23%EC%9D%B4%EC%B0%AC%EC%9B%90"">#이찬원</a> <a href=""http://www.youtube.com/results?search_query=%23%EB%8F%8C%ED%8C%94%EB%A7%A4"">#돌팔매</a> 역시트롯천재답게 맛깔나고시원한음색으로불러주는노래에 행복한아침시작합니다 늘고맙고감사합니다",#이찬원 #돌팔매 역시트롯천재답게 맛깔나고시원한음색으로불러주는노래에 행복한아침시작합니다 늘고맙고감사합니다,http://www.youtube.com/channel/UCE1irz1NZ5K-W-TBxIg6WWw,29,music,0
132,0fqrz3ddW2U,0,한연순,"<a href=""http://www.youtube.com/results?search_query=%23%EC%9D%B4%EC%B0%AC%EC%9B%90"">#이찬원</a> 최고 최고 최고야 👍 <br /><a href=""http://www.youtube.com/results?search_query=%23%EC%9A%B8%EC%B0%AC%EB%98%90%EB%8B%98"">#울찬또님</a> 부르는 노래 🎶<br /> 마다 명곡  <a href=""http://www.youtube.com/results?search_query=%23%EC%B0%AC%EB%98%90%EB%B0%B0%EA%B8%B0"">#찬또배기</a> 가창력<br />👍최고야 👍화이팅 <br /> 영원히 찬스 와 함께  화이팅 <br />응원합니다 👍 꽃길만걸어요","#이찬원 최고 최고 최고야 👍 
#울찬또님 부르는 노래 🎶
 마다 명곡  #찬또배기 가창력
👍최고야 👍화이팅 
 영원히 찬스 와 함께  화이팅 
응원합니다 👍 꽃길만걸어요",http://www.youtube.com/channel/UCynLkZFKDxa9-1x4DR_PzpA,38,music,0
133,0fqrz3ddW2U,0,김순영,역시 이찬원씨👍 최고입니다<br />어찌 어찌이렇케구수하고<br />맛갈나게잘 부르노<br />정말최고입니다 찬원씨<br />좋은노래많이불러주세요<br />늘건강하고행복한나날되기를기원합니다 사랑합니다^.^♥,"역시 이찬원씨👍 최고입니다
어찌 어찌이렇케구수하고
맛갈나게잘 부르노
정말최고입니다 찬원씨
좋은노래많이불러주세요
늘건강하고행복한나날되기를기원합니다 사랑합니다^.^♥",http://www.youtube.com/channel/UCnJldJgHDacL7J65URS85gA,28,music,0
134,0fqrz3ddW2U,0,장성희,이찬원 사랑의콜센타 돌팔매<br />역시 트롯은 이찬원입니다 최고입니다,"이찬원 사랑의콜센타 돌팔매
역시 트롯은 이찬원입니다 최고입니다",http://www.youtube.com/channel/UCJSmmXZClQwYEhHChUBc2-w,476,music,0
135,0fqrz3ddW2U,1,봉국녀,"<a href=""http://www.youtube.com/results?search_query=%23%EC%9D%B4%EC%B0%AC%EC%9B%90"">#이찬원</a> <a href=""http://www.youtube.com/results?search_query=%23%EB%8F%8C%ED%8C%94%EB%A7%A4"">#돌팔매</a> <a href=""http://www.youtube.com/results?search_query=%23%EC%9D%B4%EC%B0%AC%EC%9B%90%EC%9C%A0%ED%8A%9C%EB%B8%8C"">#이찬원유튜브</a><br />최고의 꽃길만걸어가세요우리의보석찬또","#이찬원 #돌팔매 #이찬원유튜브
최고의 꽃길만걸어가세요우리의보석찬또",http://www.youtube.com/channel/UCOWVC3vTf7uUlCqCkEBXyhw,15,music,0
136,0fqrz3ddW2U,1,inhwa Lim,"<a href=""http://www.youtube.com/results?search_query=%23%EC%9D%B4%EC%B0%AC%EC%9B%90"">#이찬원</a> 사랑의 콜쎈타 돌팔매 속이 뻥 뚤립니다 최고입니다 응원함니다💛💛💛👍👍👍",#이찬원 사랑의 콜쎈타 돌팔매 속이 뻥 뚤립니다 최고입니다 응원함니다💛💛💛👍👍👍,http://www.youtube.com/channel/UCKJrfbLDBEHvNqSUyIj5wSw,17,music,0
137,0fqrz3ddW2U,1,민선영,"<a href=""http://www.youtube.com/results?search_query=%23%EC%9D%B4%EC%B0%AC%EC%9B%90"">#이찬원</a> <a href=""http://www.youtube.com/results?search_query=%23%EC%82%AC%EB%9E%91%EC%9D%98%EC%BD%9C%EC%84%BC%ED%83%80"">#사랑의콜센타</a> <a href=""http://www.youtube.com/results?search_query=%23%EB%8F%8C%ED%8C%94%EB%A7%A4"">#돌팔매</a>   상큼한외모 청국장보이스 최곱니다",#이찬원 #사랑의콜센타 #돌팔매   상큼한외모 청국장보이스 최곱니다,http://www.youtube.com/channel/UCUoxJ0ArMLJloGvs0Rsjatw,29,music,0
138,0fqrz3ddW2U,1,m star돈대박,"<a href=""http://www.youtube.com/results?search_query=%23%EC%9D%B4%EC%B0%AC%EC%9B%90%EC%B5%9C%EA%B3%A0%EC%97%90%EC%9A%94"">#이찬원최고에요</a><br />🤩🤩🤩👍👍👍","#이찬원최고에요
🤩🤩🤩👍👍👍",http://www.youtube.com/channel/UCODuA44Qs3xJREzUZUo8_8Q,31,music,0
139,0fqrz3ddW2U,1,혜숙이,장민호곡 이찬원님노래인가요?,장민호곡 이찬원님노래인가요?,http://www.youtube.com/channel/UCL7QkCgM0Fy_8Xd1D27sRGw,35,music,0
140,0fqrz3ddW2U,0,김명숙,"<a href=""http://www.youtube.com/results?search_query=%23%EC%9D%B4%EC%B0%AC%EC%9B%90"">#이찬원</a> <a href=""http://www.youtube.com/results?search_query=%23%EC%82%AC%EB%9E%91%EC%9D%98%EC%BD%9C%EC%84%BC%ED%83%80"">#사랑의콜센타</a> <a href=""http://www.youtube.com/results?search_query=%23%EB%8F%8C%ED%8C%94%EB%A7%A4"">#돌팔매</a> 역시 트롯강자답게 맛깔스럽게 넘 잘 불러요. <a href=""http://www.youtube.com/results?search_query=%23%EC%9D%B4%EC%B0%AC%EC%9B%90"">#이찬원</a> 항상 응원합니다.👍👍👍",#이찬원 #사랑의콜센타 #돌팔매 역시 트롯강자답게 맛깔스럽게 넘 잘 불러요. #이찬원 항상 응원합니다.👍👍👍,http://www.youtube.com/channel/UC67XN9rLtQw5Z4Lg1cHTcKw,46,music,0
141,0fqrz3ddW2U,0,한하늘,이찬원  와우  속이뻥 뻥 뚤려요<br />우리 찬원님은 노래맛집같아요<br />때로는 구수하고 때로는 시원하고 부드럽고 <br />최고최고~~,"이찬원  와우  속이뻥 뻥 뚤려요
우리 찬원님은 노래맛집같아요
때로는 구수하고 때로는 시원하고 부드럽고 
최고최고~~",http://www.youtube.com/channel/UCi69qXd3YwKVQGZkWNPgfTA,42,music,0
142,0fqrz3ddW2U,0,현이할머니,"<a href=""http://www.youtube.com/results?search_query=%23%EC%9D%B4%EC%B0%AC%EC%9B%90"">#이찬원</a> <a href=""http://www.youtube.com/results?search_query=%23%EC%82%AC%EB%9E%91%EC%9D%98%EC%BD%9C%EC%84%BC%ED%83%80"">#사랑의콜센타</a> <br /><a href=""http://www.youtube.com/results?search_query=%23%EB%8F%8C%ED%8C%94%EB%A7%A4"">#돌팔매</a><br />우리찬원님의 노래가 명품이됩니다~<br />해도  너~~~무 잘해요<br />사랑합니다 .<br />응원합니다 ^^<br />❤❤❤❤❤❤❤","#이찬원 #사랑의콜센타 
#돌팔매
우리찬원님의 노래가 명품이됩니다~
해도  너~~~무 잘해요
사랑합니다 .
응원합니다 ^^
❤❤❤❤❤❤❤",http://www.youtube.com/channel/UC9toDMiVTmOvHaipLla6jcw,41,music,0
143,0fqrz3ddW2U,0,Jeongsuk Park,"<a href=""http://www.youtube.com/results?search_query=%23%EC%9D%B4%EC%B0%AC%EC%9B%90"">#이찬원</a> <a href=""http://www.youtube.com/results?search_query=%23%EC%82%AC%EB%9E%91%EC%9D%98%EC%BD%9C%EC%84%BC%ED%83%80"">#사랑의콜센타</a> <a href=""http://www.youtube.com/results?search_query=%23%EC%9D%B4%EC%B0%AC%EC%9B%90%EB%8F%8C%ED%8C%94%EB%A7%A4"">#이찬원돌팔매</a> <br />너무너무 잘 불렀어요 속이 뻥 뚫렸습니다 폭풍성량 황금목소리 역시 정통트롯천재입니다 이찬원님 응원합니다","#이찬원 #사랑의콜센타 #이찬원돌팔매 
너무너무 잘 불렀어요 속이 뻥 뚫렸습니다 폭풍성량 황금목소리 역시 정통트롯천재입니다 이찬원님 응원합니다",http://www.youtube.com/channel/UCokvqDFA0spr5Bq54Jn0hnw,26,music,0
144,0fqrz3ddW2U,0,최상자,트롯왕자 울 찬원님 최고입니다 너무 멋져요 울 찬원님사랑합니다,트롯왕자 울 찬원님 최고입니다 너무 멋져요 울 찬원님사랑합니다,http://www.youtube.com/channel/UCFl7f4-6lDgvSEMIukG9wQQ,189,music,0
145,0fqrz3ddW2U,0,모란,"이찬원 사랑의콜센타 돌팔매 시원한 음색 에<br />짙한 트롯의 황태자  무대 최고 입니다<br />이찬원 사랑합니다 <br />이찬원 응원합니다 <br /><a href=""http://www.youtube.com/results?search_query=%23%EC%9D%B4%EC%B0%AC%EC%9B%90"">#이찬원</a>  <a href=""http://www.youtube.com/results?search_query=%23%EC%82%AC%EB%9E%91%EC%9D%98%EC%BD%9C%EC%84%BC%ED%83%80"">#사랑의콜센타</a>","이찬원 사랑의콜센타 돌팔매 시원한 음색 에
짙한 트롯의 황태자  무대 최고 입니다
이찬원 사랑합니다 
이찬원 응원합니다 
#이찬원  #사랑의콜센타",http://www.youtube.com/channel/UCkLxVdwJDKNPprpk1vSZCzQ,33,music,0
146,0fqrz3ddW2U,0,은옥자,이찬원 가수님 노래 좋아요 돌팔매 노래 좋아요 사랑의 콜센타 이찬원 가수님 이 떴다 최고에요 사랑합니다 최고에요 응원합니다 대박이네요 사랑합니다 💜 💛 💗 😘 💕 ♥ 💜 💛 💗 😘 💕 ♥,이찬원 가수님 노래 좋아요 돌팔매 노래 좋아요 사랑의 콜센타 이찬원 가수님 이 떴다 최고에요 사랑합니다 최고에요 응원합니다 대박이네요 사랑합니다 💜 💛 💗 😘 💕 ♥ 💜 💛 💗 😘 💕 ♥,http://www.youtube.com/channel/UCzEcwV2Osl0XesvYixptgtw,39,music,0
147,0fqrz3ddW2U,0,이숙자,"<a href=""http://www.youtube.com/results?search_query=%23%EC%9D%B4%EC%B0%AC%EC%9B%90"">#이찬원</a> 정통트롯의강자<br />넘사벽입니다<br />승승장구하세요<br />언제나 응원합니다","#이찬원 정통트롯의강자
넘사벽입니다
승승장구하세요
언제나 응원합니다",http://www.youtube.com/channel/UCqbvTztwtxtd5NmD-Ml2blg,20,music,0
148,0fqrz3ddW2U,0,안광렬,"울찬원,최고<br />어점,이리도,사랑스러울가오늘도.찬원노래에<br />행복만당,찬원님<br />사랑해요","울찬원,최고
어점,이리도,사랑스러울가오늘도.찬원노래에
행복만당,찬원님
사랑해요",http://www.youtube.com/channel/UC5tRbI-JFSNtcJxDQgXYBBg,25,music,0
149,0fqrz3ddW2U,0,이순녀,이찬원울왕자님<br />돌팔매시원한가창력으로<br />또명곡을만들엇네요국보급목소리로구성지게내가슴이<br />시원합니다항상건강잘챙기며 꽂길만걸어요정말사랑<br />합니다,"이찬원울왕자님
돌팔매시원한가창력으로
또명곡을만들엇네요국보급목소리로구성지게내가슴이
시원합니다항상건강잘챙기며 꽂길만걸어요정말사랑
합니다",http://www.youtube.com/channel/UCfprTpWZO6MiyYc1boxmfpw,39,music,0
150,0fqrz3ddW2U,0,정태숙,트롯왕자님 찬원군 최고입니다 사랑합니다,트롯왕자님 찬원군 최고입니다 사랑합니다,http://www.youtube.com/channel/UCcnFrUX5gnfl1MkTss3Gx4g,21,music,0
151,0fqrz3ddW2U,0,자운영,이찬원 <br />너무나 멋진 모습으로 잘 부르시네요 <br />가창력 무대매너 잘생긴 비쥬얼 넘사벽입니다 <br />찬덕행덕 오내언사 입니다,"이찬원 
너무나 멋진 모습으로 잘 부르시네요 
가창력 무대매너 잘생긴 비쥬얼 넘사벽입니다 
찬덕행덕 오내언사 입니다",http://www.youtube.com/channel/UCJ_VgHGsVP38WuX7GtdYvJg,23,music,0
152,0fqrz3ddW2U,0,김은영,이찬원 노래 넘 잘해요~<br />찬원님 때문에 요즘 온통 트롯만 듣고 있어요 찬원님 알게 해준 티비조선 감사합니다~~<br />이찬원 최고다~~^^  우리는 찬원님을 울리지 않는다,"이찬원 노래 넘 잘해요~
찬원님 때문에 요즘 온통 트롯만 듣고 있어요 찬원님 알게 해준 티비조선 감사합니다~~
이찬원 최고다~~^^  우리는 찬원님을 울리지 않는다",http://www.youtube.com/channel/UClXdPjVtKP2FwmqTlbM38qw,25,music,0
153,0fqrz3ddW2U,0,이선랑,이찬원씨~역시트롯왕<br />핫팅♥♥♥♥♥♥♥,"이찬원씨~역시트롯왕
핫팅♥♥♥♥♥♥♥",http://www.youtube.com/channel/UC3weHXBDHNtaio2fZZiCZ4Q,35,music,0
154,0fqrz3ddW2U,0,송경숙,"<a href=""http://www.youtube.com/results?search_query=%23%EC%9D%B4%EC%B0%AC%EC%9B%90"">#이찬원</a> <a href=""http://www.youtube.com/results?search_query=%23leechanwon"">#LeeChanWon</a> <br /><a href=""http://www.youtube.com/results?search_query=%23%EB%8F%8C%ED%8C%94%EB%A7%A4"">#돌팔매</a> <a href=""http://www.youtube.com/results?search_query=%23%EC%82%AC%EB%9E%91%EC%9D%98%EC%BD%9C%EC%84%BC%ED%84%B0"">#사랑의콜센터</a> <br />이찬원 트롯천재 <br />흥이 절로 나네 <br />반키 UP 해도 폭풍성량 <br />최고최고죠 👍<br />찬원님 늘 곁에서 응원하고 많이많이 사랑합니다❤❤❤❤❤❤","#이찬원 #LeeChanWon 
#돌팔매 #사랑의콜센터 
이찬원 트롯천재 
흥이 절로 나네 
반키 UP 해도 폭풍성량 
최고최고죠 👍
찬원님 늘 곁에서 응원하고 많이많이 사랑합니다❤❤❤❤❤❤",http://www.youtube.com/channel/UCPeHr1G6IE4wiJdwBsXevzQ,32,music,0
155,0fqrz3ddW2U,0,거창이정,"<a href=""http://www.youtube.com/results?search_query=%23%EC%9D%B4%EC%B0%AC%EC%9B%90"">#이찬원</a> 트롯은 씹어삼키네요. 타장르도 완벽하게 소화하는 절대음감 항상응원합니다 나훈아님.명곡 많이 불러주세요",#이찬원 트롯은 씹어삼키네요. 타장르도 완벽하게 소화하는 절대음감 항상응원합니다 나훈아님.명곡 많이 불러주세요,http://www.youtube.com/channel/UCQZNQphcLvGvS71FvjRKHyw,39,music,0
156,0fqrz3ddW2U,0,김금단,"<a href=""http://www.youtube.com/results?search_query=%23%EC%9D%B4%EC%B0%AC%EC%9B%90%EB%8B%98"">#이찬원님</a> 트롯 최고의 왕자로 승승장구 하세요 오늘도 찬원님을 열심이 응원하겠습니다  사랑합니다",#이찬원님 트롯 최고의 왕자로 승승장구 하세요 오늘도 찬원님을 열심이 응원하겠습니다  사랑합니다,http://www.youtube.com/channel/UCiDqhy1C6sskj09XZGxekrw,18,music,0
157,0fqrz3ddW2U,0,로터스가든,"<a href=""http://www.youtube.com/results?search_query=%23%EC%9D%B4%EC%B0%AC%EC%9B%90"">#이찬원</a> <a href=""http://www.youtube.com/results?search_query=%23leechanwon"">#LeeChanwon</a> <a href=""http://www.youtube.com/results?search_query=%23%EC%82%AC%EB%9E%91%EC%9D%98%EC%BD%9C%EC%84%BC%ED%83%80"">#사랑의콜센타</a> <a href=""http://www.youtube.com/results?search_query=%23%ED%94%8C%EB%A0%88%ED%9D%AC%EB%A6%AC%EC%8A%A4%EB%98%90"">#플레희리스또</a> <a href=""http://www.youtube.com/results?search_query=%23%EB%8F%8C%ED%8C%94%EB%A7%A4"">#돌팔매</a>     구성지게 꺾어 넘어가는 황금보이스 26년 내공 그 자체 얼마나 공부하고 노력한 결과일까요 사랑스런 울 가수 찬원님♡ 대단히 사랑합니다~",#이찬원 #LeeChanwon #사랑의콜센타 #플레희리스또 #돌팔매     구성지게 꺾어 넘어가는 황금보이스 26년 내공 그 자체 얼마나 공부하고 노력한 결과일까요 사랑스런 울 가수 찬원님♡ 대단히 사랑합니다~,http://www.youtube.com/channel/UCf8jv9pqQywADme2rl_In-Q,27,music,0
158,0fqrz3ddW2U,0,김현숙,이찬원 사랑의콜센타 돌팔매 타고난명품보이스 우렁차게 시원하게 구수한보이스 최고 승승장구하세요 항상응원합니다,이찬원 사랑의콜센타 돌팔매 타고난명품보이스 우렁차게 시원하게 구수한보이스 최고 승승장구하세요 항상응원합니다,http://www.youtube.com/channel/UC9AQpW8x45BRCw6cWPdfqNQ,25,music,0
159,0fqrz3ddW2U,0,김현숙,이찬원 사랑의콜센타 돌팔매 우렁차게 신나게 즐겁게 맛깔스럽게 청량한 보이스 최고 트롯의맛을 제대로듣네요,이찬원 사랑의콜센타 돌팔매 우렁차게 신나게 즐겁게 맛깔스럽게 청량한 보이스 최고 트롯의맛을 제대로듣네요,http://www.youtube.com/channel/UC9AQpW8x45BRCw6cWPdfqNQ,28,music,0
160,0fqrz3ddW2U,0,양산시김명화,최고에 찬원님  우리가수 대박좋아요 건강하세요 👍👍👍💕💕💕💕💕,최고에 찬원님  우리가수 대박좋아요 건강하세요 👍👍👍💕💕💕💕💕,http://www.youtube.com/channel/UCwifamWX3jYQV5og_tHzH4A,25,music,0
161,0fqrz3ddW2U,0,ij sung,"<a href=""http://www.youtube.com/results?search_query=%23%EC%9D%B4%EC%B0%AC%EC%9B%90"">#이찬원</a>  <br />트롯천재 시청률요정 뿜어져 나오는 명품보이스 빛이납니다 👍💛💛💛","#이찬원  
트롯천재 시청률요정 뿜어져 나오는 명품보이스 빛이납니다 👍💛💛💛",http://www.youtube.com/channel/UC7kvaxMHv3ofjBDluo7AvGg,27,music,0
162,0fqrz3ddW2U,0,김현숙,이찬원 사랑의콜센타 돌팔매 오늘도 화이팅 시원하게 구수한보이스 최고 승승장구하세요 항상응원합니다,이찬원 사랑의콜센타 돌팔매 오늘도 화이팅 시원하게 구수한보이스 최고 승승장구하세요 항상응원합니다,http://www.youtube.com/channel/UC9AQpW8x45BRCw6cWPdfqNQ,20,music,0
163,0fqrz3ddW2U,0,여의주,"<a href=""http://www.youtube.com/results?search_query=%23%EC%9D%B4%EC%B0%AC%EC%9B%90"">#이찬원</a> <a href=""http://www.youtube.com/results?search_query=%23%EC%82%AC%EB%9E%91%EC%9D%98%EC%BD%9C%EC%84%BC%ED%84%B0"">#사랑의콜센터</a> <br /><a href=""http://www.youtube.com/results?search_query=%23%EB%8F%8C%ED%8C%94%EB%A7%A4"">#돌팔매</a><br />시원시원한 가창력 <br />역시나 입니다<br />최고의 트롯가수 이찬원 님<br />빛나는 앞날을 응원합니다","#이찬원 #사랑의콜센터 
#돌팔매
시원시원한 가창력 
역시나 입니다
최고의 트롯가수 이찬원 님
빛나는 앞날을 응원합니다",http://www.youtube.com/channel/UCL1ULvp5GalemW5_WFpWK5Q,40,music,0
164,0fqrz3ddW2U,0,손영자,"<a href=""http://www.youtube.com/results?search_query=%23%EC%9D%B4%EC%B0%AC%EC%9B%90"">#이찬원</a> <a href=""http://www.youtube.com/results?search_query=%23%EC%82%AC%EB%9E%91%EC%9D%98%EC%BD%9C%EC%84%BC%ED%83%80"">#사랑의콜센타</a> 돌팔매 역시 가창력 최고입니다  빛나는 찬원님  항상 곁에서 응원할게요 꽃길만걸어요 👍👍👍👍👍❤❤💕",#이찬원 #사랑의콜센타 돌팔매 역시 가창력 최고입니다  빛나는 찬원님  항상 곁에서 응원할게요 꽃길만걸어요 👍👍👍👍👍❤❤💕,http://www.youtube.com/channel/UC5WLsQXdfodsKIlhqHaNX4w,32,music,0
165,0fqrz3ddW2U,0,이춘화,이찬원 사랑의콜센타 돌팔매 <br />가창력과 부드러운목소리 <br />최고입니다 <br />명가수는 무슨 노래를 해도 <br />빛이나네요 정말 노래 할때마다 <br />감동에 심장이 폭발하겠어요 <br />울가수 사랑합니다,"이찬원 사랑의콜센타 돌팔매 
가창력과 부드러운목소리 
최고입니다 
명가수는 무슨 노래를 해도 
빛이나네요 정말 노래 할때마다 
감동에 심장이 폭발하겠어요 
울가수 사랑합니다",http://www.youtube.com/channel/UCNDTwHd5KvCxpRgOVwfHnOw,516,music,0
166,0fqrz3ddW2U,1,김선옥,"<a href=""http://www.youtube.com/results?search_query=%23%EC%9D%B4%EC%B0%AC%EC%9B%90"">#이찬원</a><a href=""http://www.youtube.com/results?search_query=%23%EB%8F%8C%ED%8C%94%EB%A7%A4"">#돌팔매</a><a href=""http://www.youtube.com/results?search_query=%23%EA%B0%80%EC%B0%BD%EB%A0%A5%EC%9D%B4"">#가창력이</a> 뛰어난 가수  응원합니다!!~~",#이찬원#돌팔매#가창력이 뛰어난 가수  응원합니다!!~~,http://www.youtube.com/channel/UCpMtjxnM5xvzDvjiGpeDNVg,16,music,0
167,0fqrz3ddW2U,1,유미,"<a href=""http://www.youtube.com/results?search_query=%23%EC%9D%B4%EC%B0%AC%EC%9B%90"">#이찬원</a><a href=""http://www.youtube.com/results?search_query=%23%EC%82%AC%EB%9E%91%EC%9D%98%EC%BD%9C%EC%84%BC%ED%83%80"">#사랑의콜센타</a><a href=""http://www.youtube.com/results?search_query=%23%EB%8F%8C%ED%8C%90%EB%A7%A4"">#돌판매</a><br />시원한 가창력 최고  사랑합니다","#이찬원#사랑의콜센타#돌판매
시원한 가창력 최고  사랑합니다",http://www.youtube.com/channel/UCXlVeKSgefbTeU8TcplbUvg,28,music,0
168,0fqrz3ddW2U,1,봉국녀,"<a href=""http://www.youtube.com/results?search_query=%23%EC%9D%B4%EC%B0%AC%EC%9B%90"">#이찬원</a> <a href=""http://www.youtube.com/results?search_query=%23%EB%8F%8C%ED%8C%94%EB%A7%A4"">#돌팔매</a> <a href=""http://www.youtube.com/results?search_query=%23%EC%9D%B4%EC%B0%AC%EC%9B%90%EC%9C%A0%ED%8A%9C%EB%B8%8C"">#이찬원유튜브</a><br />마술같은 마력의사나이<a href=""http://www.youtube.com/results?search_query=%23%EC%9D%B4%EC%B0%AC%EC%9B%90"">#이찬원</a><a href=""http://www.youtube.com/results?search_query=%23%EB%8F%8C%ED%8C%94%EB%A7%A4"">#돌팔매</a>~짱","#이찬원 #돌팔매 #이찬원유튜브
마술같은 마력의사나이#이찬원#돌팔매~짱",http://www.youtube.com/channel/UCOWVC3vTf7uUlCqCkEBXyhw,35,music,0
169,0fqrz3ddW2U,1,김선옥,"<a href=""http://www.youtube.com/results?search_query=%23%EC%9D%B4%EC%B0%AC%EC%9B%90"">#이찬원</a><a href=""http://www.youtube.com/results?search_query=%23%EB%8F%8C%ED%8C%94%EB%A7%A4"">#돌팔매</a> 가창력이 뛰어난 가수 어떤 장르가 되던 다소하해내는 멋진 가수가 분명함!!~~",#이찬원#돌팔매 가창력이 뛰어난 가수 어떤 장르가 되던 다소하해내는 멋진 가수가 분명함!!~~,http://www.youtube.com/channel/UCpMtjxnM5xvzDvjiGpeDNVg,40,music,0
170,0fqrz3ddW2U,1,Jeongsuk Park,"<a href=""http://www.youtube.com/results?search_query=%23%EC%9D%B4%EC%B0%AC%EC%9B%90"">#이찬원</a> <br />잘해도 너무 잘합니다 뛰여난 가창력 타고난 황금목소리 트롯천재입니다 응원합니다","#이찬원 
잘해도 너무 잘합니다 뛰여난 가창력 타고난 황금목소리 트롯천재입니다 응원합니다",http://www.youtube.com/channel/UCokvqDFA0spr5Bq54Jn0hnw,59,music,0
171,0fqrz3ddW2U,0,김현숙,이찬원 사랑의콜센타 돌팔매 시원하게 신나게 우렁차게 구수한보이스 최고  속이뻥뚫리네요,이찬원 사랑의콜센타 돌팔매 시원하게 신나게 우렁차게 구수한보이스 최고  속이뻥뚫리네요,http://www.youtube.com/channel/UC9AQpW8x45BRCw6cWPdfqNQ,19,music,0
172,0fqrz3ddW2U,0,찬원사랑,"<a href=""http://www.youtube.com/results?search_query=%23%EC%9D%B4%EC%B0%AC%EC%9B%90"">#이찬원</a> 최고의가창력 살맞난다 <a href=""http://www.youtube.com/results?search_query=%23%EC%9D%B4%EC%B0%AC%EC%9B%90%EB%85%B8%EB%9E%98%EC%97%90"">#이찬원노래에</a> 활력소가생긴다 최고의트롯의아이콘 행복바이러스♥♥♥",#이찬원 최고의가창력 살맞난다 #이찬원노래에 활력소가생긴다 최고의트롯의아이콘 행복바이러스♥♥♥,http://www.youtube.com/channel/UCsHVu6-AWeEXZ8KndD_mD_A,18,music,0
173,0fqrz3ddW2U,0,Hyad Seo,"<a href=""http://www.youtube.com/results?search_query=%23%EC%9D%B4%EC%B0%AC%EC%9B%90"">#이찬원</a><a href=""http://www.youtube.com/results?search_query=%23%EC%82%AC%EB%9E%91%EC%9D%98%EC%BD%9C%EC%84%BC%ED%83%80"">#사랑의콜센타</a><a href=""http://www.youtube.com/results?search_query=%23%EB%8F%8C%ED%8C%94%EB%A7%A4"">#돌팔매</a><br />언제 들어도 시원한 가창력 최고요<br />멋진 외모는 뿜뿜 최고지요<br />반짝반짝 빛나는 찬원님  보고있으면<br /> 마음속에  행복꽃이 피어납니다<br />늘 응원합니다 찬덕행덕 입니다","#이찬원#사랑의콜센타#돌팔매
언제 들어도 시원한 가창력 최고요
멋진 외모는 뿜뿜 최고지요
반짝반짝 빛나는 찬원님  보고있으면
 마음속에  행복꽃이 피어납니다
늘 응원합니다 찬덕행덕 입니다",http://www.youtube.com/channel/UCdQaBYT0k9G4FNWggRDlh2Q,43,music,0
174,0fqrz3ddW2U,0,장순애,이찬원 사랑의콜센타 트롯천재 돌팔매 최곱니다,이찬원 사랑의콜센타 트롯천재 돌팔매 최곱니다,http://www.youtube.com/channel/UCFEpAoYbojYWvRM9RD6G2Qg,43,music,0
175,0fqrz3ddW2U,0,민서,이찬원 돌팔매<br />역시 트롯은 찬또배기 이찬원 최곱니다 너무너무 잘해요 사랑합니다 응원합니다,"이찬원 돌팔매
역시 트롯은 찬또배기 이찬원 최곱니다 너무너무 잘해요 사랑합니다 응원합니다",http://www.youtube.com/channel/UCRwJcDMnY5ptdo6Rd_V71xw,15,music,0
